                        S1(1),1(1)/abs,linear                S1(1),1(1)/arg,degrees
----------------------------------------------------------------------------------------------------------------
                    15.8                      0.71184193                       254.14803
                 15.8017                      0.70843742                       254.06772
                 15.8034                      0.70505355                       253.99029
                 15.8051                      0.70169064                       253.91571
                 15.8068                      0.69834896                       253.84398
                 15.8085                      0.69502882                       253.77507
                 15.8102                      0.69173046                       253.70898
                 15.8119                      0.68845416                       253.64568
                 15.8136                      0.68520016                       253.58516
                 15.8153                      0.68196869                        253.5274
                  15.817                      0.67875998                       253.47239
                 15.8187                      0.67557424                        253.4201
                 15.8204                      0.67241168                       253.37053
                 15.8221                      0.66927248                       253.32365
                 15.8238                      0.66615684                       253.27943
                 15.8255                      0.66306491                       253.23787
                 15.8272                      0.65999687                       253.19895
                 15.8289                      0.65695287                       253.16263
                 15.8306                      0.65393306                       253.12891
                 15.8323                      0.65093756                       253.09776
                  15.834                       0.6479665                       253.06916
                 15.8357                      0.64502001                        253.0431
                 15.8374                      0.64209818                       253.01954
                 15.8391                      0.63920113                       252.99847
                 15.8408                      0.63632894                       252.97986
                 15.8425                      0.63348169                       252.96369
                 15.8442                      0.63065947                       252.94995
                 15.8459                      0.62786234                        252.9386
                 15.8476                      0.62509037                       252.92962
                 15.8493                       0.6223436                       252.92299
                  15.851                       0.6196221                       252.91869
                 15.8527                      0.61692588                       252.91669
                 15.8544                        0.614255                       252.91697
                 15.8561                      0.61160948                        252.9195
                 15.8578                      0.60898933                       252.92426
                 15.8595                      0.60639458                       252.93123
                 15.8612                      0.60382523                       252.94037
                 15.8629                      0.60128128                       252.95166
                 15.8646                      0.59876274                       252.96509
                 15.8663                      0.59626959                       252.98061
                  15.868                      0.59380182                       252.99821
                 15.8697                      0.59135941                       253.01787
                 15.8714                      0.58894233                       253.03954
                 15.8731                      0.58655057                       253.06321
                 15.8748                      0.58418408                       253.08886
                 15.8765                      0.58184282                       253.11644
                 15.8782                      0.57952676                       253.14595
                 15.8799                      0.57723583                       253.17734
                 15.8816                         0.57497                        253.2106
                 15.8833                      0.57272921                       253.24569
                  15.885                      0.57051339                        253.2826
                 15.8867                      0.56832248                       253.32128
                 15.8884                      0.56615641                       253.36171
                 15.8901                      0.56401512                       253.40388
                 15.8918                      0.56189852                       253.44774
                 15.8935                      0.55980653                       253.49326
                 15.8952                      0.55773909                       253.54043
                 15.8969                      0.55569608                       253.58922
                 15.8986                      0.55367744                       253.63959
                 15.9003                      0.55168307                       253.69152
                  15.902                      0.54971287                       253.74497
                 15.9037                      0.54776675                       253.79993
                 15.9054                       0.5458446                       253.85636
                 15.9071                      0.54394633                       253.91423
                 15.9088                      0.54207182                       253.97352
                 15.9105                      0.54022097                        254.0342
                 15.9122                      0.53839367                       254.09624
                 15.9139                       0.5365898                        254.1596
                 15.9156                      0.53480925                       254.22427
                 15.9173                      0.53305191                       254.29021
                  15.919                      0.53131764                        254.3574
                 15.9207                      0.52960634                        254.4258
                 15.9224                      0.52791787                       254.49539
                 15.9241                      0.52625212                       254.56614
                 15.9258                      0.52460895                       254.63803
                 15.9275                      0.52298823                       254.71101
                 15.9292                      0.52138984                       254.78507
                 15.9309                      0.51981365                       254.86018
                 15.9326                      0.51825951                        254.9363
                 15.9343                      0.51672729                       255.01342
                  15.936                      0.51521687                        255.0915
                 15.9377                      0.51372809                       255.17051
                 15.9394                      0.51226082                       255.25043
                 15.9411                      0.51081492                       255.33123
                 15.9428                      0.50939024                       255.41288
                 15.9445                      0.50798666                       255.49535
                 15.9462                      0.50660401                       255.57862
                 15.9479                      0.50524216                       255.66266
                 15.9496                      0.50390095                       255.74744
                 15.9513                      0.50258026                       255.83294
                  15.953                      0.50127991                       255.91912
                 15.9547                      0.49999978                       256.00596
                 15.9564                       0.4987397                       256.09344
                 15.9581                      0.49749953                       256.18153
                 15.9598                      0.49627912                        256.2702
                 15.9615                      0.49507832                       256.35942
                 15.9632                      0.49389697                       256.44917
                 15.9649                      0.49273493                       256.53943
                 15.9666                      0.49159203                       256.63016
                 15.9683                      0.49046813                       256.72135
                   15.97                      0.48936308                       256.81297
                 15.9717                      0.48827671                       256.90498
                 15.9734                      0.48720888                       256.99738
                 15.9751                      0.48615943                       257.09012
                 15.9768                      0.48512821                        257.1832
                 15.9785                      0.48411506                       257.27657
                 15.9802                      0.48311983                       257.37023
                 15.9819                      0.48214235                       257.46415
                 15.9836                      0.48118249                       257.55829
                 15.9853                      0.48024007                       257.65265
                  15.987                      0.47931495                       257.74719
                 15.9887                      0.47840696                       257.84189
                 15.9904                      0.47751596                       257.93674
                 15.9921                      0.47664179                        258.0317
                 15.9938                      0.47578429                       258.12676
                 15.9955                      0.47494331                       258.22189
                 15.9972                      0.47411869                       258.31707
                 15.9989                      0.47331028                       258.41228
                 16.0006                      0.47251792                       258.50751
                 16.0023                      0.47174147                       258.60272
                  16.004                      0.47098075                        258.6979
                 16.0057                      0.47023563                       258.79302
                 16.0074                      0.46950594                       258.88807
                 16.0091                      0.46879154                       258.98303
                 16.0108                      0.46809226                       259.07788
                 16.0125                      0.46740797                        259.1726
                 16.0142                       0.4667385                       259.26716
                 16.0159                      0.46608371                       259.36156
                 16.0176                      0.46544343                       259.45576
                 16.0193                      0.46481753                       259.54976
                  16.021                      0.46420585                       259.64354
                 16.0227                      0.46360824                       259.73707
                 16.0244                      0.46302456                       259.83034
                 16.0261                      0.46245465                       259.92334
                 16.0278                      0.46189836                       260.01604
                 16.0295                      0.46135554                       260.10844
                 16.0312                      0.46082606                        260.2005
                 16.0329                      0.46030976                       260.29222
                 16.0346                       0.4598065                       260.38359
                 16.0363                      0.45931613                       260.47458
                  16.038                      0.45883851                       260.56518
                 16.0397                      0.45837349                       260.65537
                 16.0414                      0.45792093                       260.74515
                 16.0431                      0.45748069                        260.8345
                 16.0448                      0.45705262                       260.92339
                 16.0465                      0.45663659                       261.01183
                 16.0482                      0.45623245                       261.09979
                 16.0499                      0.45584006                       261.18726
                 16.0516                      0.45545929                       261.27423
                 16.0533                      0.45508999                       261.36069
                  16.055                      0.45473203                       261.44662
                 16.0567                      0.45438528                       261.53201
                 16.0584                      0.45404959                       261.61685
                 16.0601                      0.45372483                       261.70113
                 16.0618                      0.45341086                       261.78484
                 16.0635                      0.45310756                       261.86796
                 16.0652                      0.45281479                       261.95048
                 16.0669                      0.45253242                        262.0324
                 16.0686                      0.45226031                        262.1137
                 16.0703                      0.45199834                       262.19438
                  16.072                      0.45174638                       262.27441
                 16.0737                      0.45150429                        262.3538
                 16.0754                      0.45127196                       262.43253
                 16.0771                      0.45104925                        262.5106
                 16.0788                      0.45083604                         262.588
                 16.0805                       0.4506322                       262.66471
                 16.0822                      0.45043761                       262.74073
                 16.0839                      0.45025214                       262.81604
                 16.0856                      0.45007567                       262.89066
                 16.0873                      0.44990809                       262.96455
                  16.089                      0.44974926                       263.03773
                 16.0907                      0.44959908                       263.11017
                 16.0924                      0.44945741                       263.18187
                 16.0941                      0.44932415                       263.25284
                 16.0958                      0.44919917                       263.32305
                 16.0975                      0.44908236                        263.3925
                 16.0992                       0.4489736                       263.46119
                 16.1009                      0.44887279                       263.52911
                 16.1026                      0.44877979                       263.59625
                 16.1043                      0.44869451                       263.66261
                  16.106                      0.44861683                       263.72819
                 16.1077                      0.44854663                       263.79297
                 16.1094                      0.44848382                       263.85696
                 16.1111                      0.44842827                       263.92014
                 16.1128                      0.44837988                       263.98252
                 16.1145                      0.44833855                       264.04409
                 16.1162                      0.44830416                       264.10484
                 16.1179                      0.44827661                       264.16477
                 16.1196                       0.4482558                       264.22388
                 16.1213                      0.44824162                       264.28216
                  16.123                      0.44823396                       264.33961
                 16.1247                      0.44823273                       264.39623
                 16.1264                      0.44823783                         264.452
                 16.1281                      0.44824914                       264.50694
                 16.1298                      0.44826658                       264.56104
                 16.1315                      0.44829005                       264.61428
                 16.1332                      0.44831943                       264.66668
                 16.1349                      0.44835465                       264.71823
                 16.1366                       0.4483956                       264.76892
                 16.1383                      0.44844218                       264.81875
                   16.14                      0.44849431                       264.86773
                 16.1417                      0.44855188                       264.91585
                 16.1434                      0.44861481                        264.9631
                 16.1451                        0.448683                       265.00949
                 16.1468                      0.44875635                       265.05502
                 16.1485                      0.44883479                       265.09967
                 16.1502                      0.44891821                       265.14346
                 16.1519                      0.44900654                       265.18638
                 16.1536                      0.44909967                       265.22843
                 16.1553                      0.44919753                       265.26961
                  16.157                      0.44930003                       265.30992
                 16.1587                      0.44940707                       265.34935
                 16.1604                      0.44951858                       265.38791
                 16.1621                      0.44963447                       265.42559
                 16.1638                      0.44975466                       265.46241
                 16.1655                      0.44987906                       265.49834
                 16.1672                      0.45000759                        265.5334
                 16.1689                      0.45014017                       265.56759
                 16.1706                      0.45027672                        265.6009
                 16.1723                      0.45041715                       265.63333
                  16.174                       0.4505614                       265.66489
                 16.1757                      0.45070937                       265.69558
                 16.1774                        0.450861                       265.72539
                 16.1791                      0.45101619                       265.75433
                 16.1808                      0.45117489                       265.78239
                 16.1825                      0.45133701                       265.80958
                 16.1842                      0.45150247                        265.8359
                 16.1859                       0.4516712                       265.86135
                 16.1876                      0.45184313                       265.88593
                 16.1893                      0.45201819                       265.90963
                  16.191                      0.45219629                       265.93247
                 16.1927                      0.45237738                       265.95445
                 16.1944                      0.45256137                       265.97555
                 16.1961                       0.4527482                       265.99579
                 16.1978                      0.45293779                       266.01517
                 16.1995                      0.45313008                       266.03368
                 16.2012                        0.453325                       266.05133
                 16.2029                      0.45352247                       266.06812
                 16.2046                      0.45372244                       266.08405
                 16.2063                      0.45392483                       266.09913
                  16.208                      0.45412958                       266.11335
                 16.2097                      0.45433663                       266.12672
                 16.2114                      0.45454589                       266.13923
                 16.2131                      0.45475732                       266.15089
                 16.2148                      0.45497085                       266.16171
                 16.2165                      0.45518641                       266.17168
                 16.2182                      0.45540393                        266.1808
                 16.2199                      0.45562337                       266.18908
                 16.2216                      0.45584465                       266.19652
                 16.2233                      0.45606771                       266.20311
                  16.225                       0.4562925                       266.20888
                 16.2267                      0.45651895                        266.2138
                 16.2284                        0.456747                       266.21789
                 16.2301                      0.45697659                       266.22116
                 16.2318                      0.45720766                       266.22359
                 16.2335                      0.45744016                        266.2252
                 16.2352                      0.45767402                       266.22598
                 16.2369                       0.4579092                       266.22594
                 16.2386                      0.45814562                       266.22508
                 16.2403                      0.45838324                        266.2234
                  16.242                        0.458622                        266.2209
                 16.2437                      0.45886184                        266.2176
                 16.2454                      0.45910271                       266.21348
                 16.2471                      0.45934455                       266.20856
                 16.2488                      0.45958731                       266.20282
                 16.2505                      0.45983093                       266.19629
                 16.2522                      0.46007536                       266.18895
                 16.2539                      0.46032056                       266.18082
                 16.2556                      0.46056645                       266.17189
                 16.2573                        0.460813                       266.16217
                  16.259                      0.46106015                       266.15165
                 16.2607                      0.46130785                       266.14035
                 16.2624                      0.46155605                       266.12826
                 16.2641                      0.46180469                       266.11539
                 16.2658                      0.46205373                       266.10174
                 16.2675                      0.46230312                       266.08731
                 16.2692                      0.46255281                       266.07211
                 16.2709                      0.46280274                       266.05613
                 16.2726                      0.46305288                       266.03938
                 16.2743                      0.46330316                       266.02187
                  16.276                      0.46355355                       266.00359
                 16.2777                        0.463804                       265.98455
                 16.2794                      0.46405445                       265.96475
                 16.2811                      0.46430487                       265.94419
                 16.2828                       0.4645552                       265.92288
                 16.2845                      0.46480539                       265.90082
                 16.2862                      0.46505541                       265.87801
                 16.2879                      0.46530521                       265.85446
                 16.2896                      0.46555474                       265.83016
                 16.2913                      0.46580395                       265.80512
                  16.293                      0.46605281                       265.77935
                 16.2947                      0.46630126                       265.75284
                 16.2964                      0.46654927                       265.72559
                 16.2981                      0.46679678                       265.69762
                 16.2998                      0.46704376                       265.66893
                 16.3015                      0.46729017                       265.63951
                 16.3032                      0.46753595                       265.60936
                 16.3049                      0.46778107                        265.5785
                 16.3066                      0.46802549                       265.54693
                 16.3083                      0.46826915                       265.51464
                   16.31                      0.46851203                       265.48165
                 16.3117                      0.46875408                       265.44794
                 16.3134                      0.46899526                       265.41354
                 16.3151                      0.46923553                       265.37843
                 16.3168                      0.46947484                       265.34262
                 16.3185                      0.46971316                       265.30612
                 16.3202                      0.46995044                       265.26892
                 16.3219                      0.47018666                       265.23104
                 16.3236                      0.47042175                       265.19246
                 16.3253                       0.4706557                        265.1532
                  16.327                      0.47088846                       265.11327
                 16.3287                      0.47111998                       265.07265
                 16.3304                      0.47135024                       265.03135
                 16.3321                      0.47157919                       264.98938
                 16.3338                      0.47180679                       264.94675
                 16.3355                      0.47203301                       264.90344
                 16.3372                      0.47225781                       264.85947
                 16.3389                      0.47248115                       264.81484
                 16.3406                        0.472703                       264.76954
                 16.3423                      0.47292331                       264.72359
                  16.344                      0.47314205                       264.67699
                 16.3457                      0.47335919                       264.62973
                 16.3474                      0.47357468                       264.58183
                 16.3491                       0.4737885                       264.53328
                 16.3508                       0.4740006                       264.48409
                 16.3525                      0.47421096                       264.43426
                 16.3542                      0.47441952                       264.38379
                 16.3559                      0.47462627                       264.33268
                 16.3576                      0.47483116                       264.28095
                 16.3593                      0.47503417                       264.22858
                  16.361                      0.47523524                       264.17559
                 16.3627                      0.47543436                       264.12197
                 16.3644                      0.47563148                       264.06774
                 16.3661                      0.47582658                       264.01288
                 16.3678                      0.47601961                       263.95741
                 16.3695                      0.47621055                       263.90133
                 16.3712                      0.47639937                       263.84464
                 16.3729                      0.47658602                       263.78733
                 16.3746                      0.47677047                       263.72943
                 16.3763                       0.4769527                       263.67092
                  16.378                      0.47713267                       263.61181
                 16.3797                      0.47731034                       263.55211
                 16.3814                      0.47748569                       263.49181
                 16.3831                      0.47765869                       263.43092
                 16.3848                      0.47782929                       263.36944
                 16.3865                      0.47799748                       263.30738
                 16.3882                      0.47816321                       263.24473
                 16.3899                      0.47832646                        263.1815
                 16.3916                      0.47848719                       263.11769
                 16.3933                      0.47864538                       263.05331
                  16.395                        0.478801                       262.98836
                 16.3967                        0.478954                       262.92283
                 16.3984                      0.47910437                       262.85674
                 16.4001                      0.47925207                       262.79008
                 16.4018                      0.47939708                       262.72287
                 16.4035                      0.47953935                       262.65509
                 16.4052                      0.47967887                       262.58675
                 16.4069                      0.47981561                       262.51786
                 16.4086                      0.47994952                       262.44842
                 16.4103                      0.48008059                       262.37843
                  16.412                      0.48020879                       262.30789
                 16.4137                      0.48033409                       262.23681
                 16.4154                      0.48045645                       262.16519
                 16.4171                      0.48057585                       262.09302
                 16.4188                      0.48069227                       262.02033
                 16.4205                      0.48080567                       261.94709
                 16.4222                      0.48091602                       261.87333
                 16.4239                       0.4810233                       261.79904
                 16.4256                      0.48112749                       261.72422
                 16.4273                      0.48122854                       261.64888
                  16.429                      0.48132644                       261.57302
                 16.4307                      0.48142116                       261.49664
                 16.4324                      0.48151268                       261.41975
                 16.4341                      0.48160095                       261.34234
                 16.4358                      0.48168597                       261.26442
                 16.4375                       0.4817677                       261.18599
                 16.4392                      0.48184611                       261.10706
                 16.4409                      0.48192118                       261.02763
                 16.4426                      0.48199289                       260.94769
                 16.4443                      0.48206121                       260.86726
                  16.446                      0.48212611                       260.78633
                 16.4477                      0.48218757                        260.7049
                 16.4494                      0.48224556                       260.62299
                 16.4511                      0.48230006                       260.54059
                 16.4528                      0.48235104                        260.4577
                 16.4545                      0.48239848                       260.37433
                 16.4562                      0.48244235                       260.29048
                 16.4579                      0.48248264                       260.20615
                 16.4596                      0.48251931                       260.12135
                 16.4613                      0.48255234                       260.03607
                  16.463                      0.48258171                       259.95032
                 16.4647                       0.4826074                       259.86411
                 16.4664                      0.48262938                       259.77743
                 16.4681                      0.48264763                       259.69028
                 16.4698                      0.48266212                       259.60267
                 16.4715                      0.48267284                       259.51461
                 16.4732                      0.48267976                       259.42609
                 16.4749                      0.48268285                       259.33712
                 16.4766                      0.48268211                       259.24769
                 16.4783                      0.48267749                       259.15782
                   16.48                      0.48266899                        259.0675
                 16.4817                      0.48265658                       258.97673
                 16.4834                      0.48264024                       258.88552
                 16.4851                      0.48261995                       258.79388
                 16.4868                      0.48259568                        258.7018
                 16.4885                      0.48256742                       258.60928
                 16.4902                      0.48253515                       258.51633
                 16.4919                      0.48249884                       258.42296
                 16.4936                      0.48245847                       258.32915
                 16.4953                      0.48241403                       258.23492
                  16.497                       0.4823655                       258.14027
                 16.4987                      0.48231285                        258.0452
                 16.5004                      0.48225607                       257.94971
                 16.5021                      0.48219513                        257.8538
                 16.5038                      0.48213003                       257.75748
                 16.5055                      0.48206073                       257.66075
                 16.5072                      0.48198722                       257.56362
                 16.5089                      0.48190948                       257.46607
                 16.5106                      0.48182749                       257.36812
                 16.5123                      0.48174124                       257.26977
                  16.514                      0.48165071                       257.17103
                 16.5157                      0.48155588                       257.07188
                 16.5174                      0.48145673                       256.97234
                 16.5191                      0.48135324                       256.87241
                 16.5208                       0.4812454                       256.77208
                 16.5225                      0.48113319                       256.67137
                 16.5242                       0.4810166                       256.57028
                 16.5259                      0.48089561                        256.4688
                 16.5276                      0.48077019                       256.36694
                 16.5293                      0.48064034                        256.2647
                  16.531                      0.48050604                       256.16208
                 16.5327                      0.48036728                       256.05909
                 16.5344                      0.48022403                       255.95573
                 16.5361                      0.48007629                         255.852
                 16.5378                      0.47992403                        255.7479
                 16.5395                      0.47976725                       255.64343
                 16.5412                      0.47960593                        255.5386
                 16.5429                      0.47944005                       255.43341
                 16.5446                       0.4792696                       255.32786
                 16.5463                      0.47909456                       255.22195
                  16.548                      0.47891493                       255.11569
                 16.5497                      0.47873069                       255.00908
                 16.5514                      0.47854182                       254.90211
                 16.5531                      0.47834832                        254.7948
                 16.5548                      0.47815016                       254.68714
                 16.5565                      0.47794734                       254.57913
                 16.5582                      0.47773985                       254.47079
                 16.5599                      0.47752766                        254.3621
                 16.5616                      0.47731077                       254.25308
                 16.5633                      0.47708918                       254.14371
                  16.565                      0.47686285                       254.03402
                 16.5667                      0.47663179                       253.92399
                 16.5684                      0.47639598                       253.81363
                 16.5701                      0.47615542                       253.70295
                 16.5718                      0.47591008                       253.59194
                 16.5735                      0.47565996                        253.4806
                 16.5752                      0.47540505                       253.36894
                 16.5769                      0.47514534                       253.25697
                 16.5786                      0.47488082                       253.14467
                 16.5803                      0.47461148                       253.03206
                  16.582                       0.4743373                       252.91913
                 16.5837                      0.47405829                       252.80589
                 16.5854                      0.47377442                       252.69234
                 16.5871                      0.47348569                       252.57848
                 16.5888                      0.47319209                       252.46432
                 16.5905                      0.47289362                       252.34985
                 16.5922                      0.47259026                       252.23507
                 16.5939                        0.472282                       252.11999
                 16.5956                      0.47196884                       252.00462
                 16.5973                      0.47165077                       251.88894
                  16.599                      0.47132778                       251.77297
                 16.6007                      0.47099986                       251.65671
                 16.6024                      0.47066701                       251.54015
                 16.6041                      0.47032921                        251.4233
                 16.6058                      0.46998646                       251.30616
                 16.6075                      0.46963876                       251.18874
                 16.6092                      0.46928609                       251.07103
                 16.6109                      0.46892845                       250.95303
                 16.6126                      0.46856584                       250.83475
                 16.6143                      0.46819823                       250.71619
                  16.616                      0.46782564                       250.59735
                 16.6177                      0.46744806                       250.47823
                 16.6194                      0.46706547                       250.35883
                 16.6211                      0.46667787                       250.23916
                 16.6228                      0.46628525                       250.11921
                 16.6245                      0.46588762                       249.99899
                 16.6262                      0.46548496                       249.87851
                 16.6279                      0.46507727                       249.75775
                 16.6296                      0.46466454                       249.63672
                 16.6313                      0.46424678                       249.51543
                  16.633                      0.46382396                       249.39387
                 16.6347                       0.4633961                       249.27205
                 16.6364                      0.46296318                       249.14996
                 16.6381                      0.46252519                       249.02762
                 16.6398                      0.46208215                       248.90501
                 16.6415                      0.46163403                       248.78214
                 16.6432                      0.46118084                       248.65902
                 16.6449                      0.46072257                       248.53564
                 16.6466                      0.46025921                       248.41201
                 16.6483                      0.45979077                       248.28812
                   16.65                      0.45931724                       248.16397
                 16.6517                      0.45883862                       248.03958
                 16.6534                      0.45835489                       247.91493
                 16.6551                      0.45786607                       247.79004
                 16.6568                      0.45737214                       247.66489
                 16.6585                      0.45687309                        247.5395
                 16.6602                      0.45636894                       247.41386
                 16.6619                      0.45585966                       247.28798
                 16.6636                      0.45534527                       247.16185
                 16.6653                      0.45482575                       247.03547
                  16.667                      0.45430111                       246.90885
                 16.6687                      0.45377133                       246.78199
                 16.6704                      0.45323642                       246.65489
                 16.6721                      0.45269637                       246.52755
                 16.6738                      0.45215118                       246.39997
                 16.6755                      0.45160084                       246.27214
                 16.6772                      0.45104535                       246.14408
                 16.6789                      0.45048472                       246.01578
                 16.6806                      0.44991893                       245.88725
                 16.6823                      0.44934798                       245.75847
                  16.684                      0.44877187                       245.62946
                 16.6857                      0.44819059                       245.50022
                 16.6874                      0.44760414                       245.37074
                 16.6891                      0.44701252                       245.24102
                 16.6908                      0.44641573                       245.11107
                 16.6925                      0.44581375                       244.98089
                 16.6942                       0.4452066                       244.85047
                 16.6959                      0.44459425                       244.71982
                 16.6976                      0.44397671                       244.58894
                 16.6993                      0.44335398                       244.45782
                  16.701                      0.44272605                       244.32648
                 16.7027                      0.44209292                        244.1949
                 16.7044                      0.44145458                       244.06309
                 16.7061                      0.44081103                       243.93105
                 16.7078                      0.44016226                       243.79878
                 16.7095                      0.43950827                       243.66628
                 16.7112                      0.43884906                       243.53354
                 16.7129                      0.43818462                       243.40058
                 16.7146                      0.43751494                       243.26739
                 16.7163                      0.43684003                       243.13396
                  16.718                      0.43615987                       243.00031
                 16.7197                      0.43547446                       242.86643
                 16.7214                       0.4347838                       242.73231
                 16.7231                      0.43408788                       242.59797
                 16.7248                      0.43338669                       242.46339
                 16.7265                      0.43268022                       242.32859
                 16.7282                      0.43196849                       242.19355
                 16.7299                      0.43125146                       242.05829
                 16.7316                      0.43052915                       241.92279
                 16.7333                      0.42980154                       241.78706
                  16.735                      0.42906862                        241.6511
                 16.7367                       0.4283304                       241.51491
                 16.7384                      0.42758686                       241.37849
                 16.7401                      0.42683799                       241.24184
                 16.7418                      0.42608379                       241.10495
                 16.7435                      0.42532425                       240.96784
                 16.7452                      0.42455936                       240.83049
                 16.7469                      0.42378912                       240.69291
                 16.7486                      0.42301351                       240.55509
                 16.7503                      0.42223253                       240.41704
                  16.752                      0.42144616                       240.27876
                 16.7537                       0.4206544                       240.14024
                 16.7554                      0.41985725                       240.00149
                 16.7571                      0.41905468                       239.86251
                 16.7588                      0.41824669                       239.72329
                 16.7605                      0.41743327                       239.58383
                 16.7622                      0.41661441                       239.44413
                 16.7639                       0.4157901                       239.30421
                 16.7656                      0.41496033                       239.16404
                 16.7673                      0.41412509                       239.02363
                  16.769                      0.41328436                       238.88299
                 16.7707                      0.41243813                       238.74211
                 16.7724                       0.4115864                       238.60099
                 16.7741                      0.41072914                       238.45964
                 16.7758                      0.40986636                       238.31804
                 16.7775                      0.40899803                        238.1762
                 16.7792                      0.40812413                       238.03412
                 16.7809                      0.40724467                        237.8918
                 16.7826                      0.40635962                       237.74924
                 16.7843                      0.40546898                       237.60644
                  16.786                      0.40457272                        237.4634
                 16.7877                      0.40367083                       237.32011
                 16.7894                       0.4027633                       237.17658
                 16.7911                      0.40185012                       237.03281
                 16.7928                      0.40093126                       236.88879
                 16.7945                      0.40000672                       236.74453
                 16.7962                      0.39907647                       236.60003
                 16.7979                       0.3981405                       236.45528
                 16.7996                       0.3971988                       236.31029
                 16.8013                      0.39625135                       236.16505
                  16.803                      0.39529813                       236.01956
                 16.8047                      0.39433912                       235.87383
                 16.8064                      0.39337432                       235.72786
                 16.8081                      0.39240369                       235.58164
                 16.8098                      0.39142722                       235.43517
                 16.8115                       0.3904449                       235.28846
                 16.8132                      0.38945671                        235.1415
                 16.8149                      0.38846263                       234.99429
                 16.8166                      0.38746263                       234.84684
                 16.8183                      0.38645671                       234.69915
                   16.82                      0.38544484                        234.5512
                 16.8217                      0.38442701                       234.40302
                 16.8234                      0.38340318                       234.25458
                 16.8251                      0.38237335                       234.10591
                 16.8268                       0.3813375                       233.95699
                 16.8285                       0.3802956                       233.80782
                 16.8302                      0.37924764                       233.65841
                 16.8319                      0.37819359                       233.50876
                 16.8336                      0.37713344                       233.35886
                 16.8353                      0.37606716                       233.20872
                  16.837                      0.37499474                       233.05834
                 16.8387                      0.37391615                       232.90773
                 16.8404                      0.37283137                       232.75687
                 16.8421                      0.37174038                       232.60577
                 16.8438                      0.37064317                       232.45444
                 16.8455                       0.3695397                       232.30287
                 16.8472                      0.36842997                       232.15106
                 16.8489                      0.36731394                       231.99902
                 16.8506                       0.3661916                       231.84675
                 16.8523                      0.36506293                       231.69425
                  16.854                       0.3639279                       231.54151
                 16.8557                       0.3627865                       231.38855
                 16.8574                       0.3616387                       231.23537
                 16.8591                      0.36048448                       231.08196
                 16.8608                      0.35932383                       230.92832
                 16.8625                      0.35815672                       230.77447
                 16.8642                      0.35698312                        230.6204
                 16.8659                      0.35580303                       230.46612
                 16.8676                      0.35461641                       230.31162
                 16.8693                      0.35342326                       230.15691
                  16.871                      0.35222354                       230.00199
                 16.8727                      0.35101724                       229.84687
                 16.8744                      0.34980435                       229.69155
                 16.8761                      0.34858483                       229.53602
                 16.8778                      0.34735867                       229.38031
                 16.8795                      0.34612585                        229.2244
                 16.8812                      0.34488635                        229.0683
                 16.8829                      0.34364016                       228.91201
                 16.8846                      0.34238725                       228.75555
                 16.8863                      0.34112761                       228.59891
                  16.888                      0.33986122                       228.44209
                 16.8897                      0.33858806                        228.2851
                 16.8914                      0.33730811                       228.12796
                 16.8931                      0.33602136                       227.97065
                 16.8948                       0.3347278                       227.81318
                 16.8965                       0.3334274                       227.65557
                 16.8982                      0.33212015                       227.49781
                 16.8999                      0.33080603                       227.33992
                 16.9016                      0.32948504                       227.18188
                 16.9033                      0.32815716                       227.02373
                  16.905                      0.32682236                       226.86544
                 16.9067                      0.32548065                       226.70705
                 16.9084                      0.32413201                       226.54854
                 16.9101                      0.32277642                       226.38993
                 16.9118                      0.32141388                       226.23122
                 16.9135                      0.32004437                       226.07243
                 16.9152                      0.31866789                       225.91355
                 16.9169                      0.31728442                        225.7546
                 16.9186                      0.31589395                       225.59558
                 16.9203                      0.31449649                        225.4365
                  16.922                      0.31309201                       225.27738
                 16.9237                      0.31168052                       225.11821
                 16.9254                        0.310262                         224.959
                 16.9271                      0.30883646                       224.79977
                 16.9288                      0.30740388                       224.64053
                 16.9305                      0.30596427                       224.48128
                 16.9322                      0.30451761                       224.32203
                 16.9339                      0.30306392                        224.1628
                 16.9356                      0.30160318                       224.00359
                 16.9373                       0.3001354                       223.84442
                  16.939                      0.29866058                       223.68529
                 16.9407                      0.29717871                       223.52622
                 16.9424                       0.2956898                       223.36722
                 16.9441                      0.29419386                        223.2083
                 16.9458                      0.29269088                       223.04947
                 16.9475                      0.29118088                       222.89075
                 16.9492                      0.28966385                       222.73214
                 16.9509                       0.2881398                       222.57367
                 16.9526                      0.28660875                       222.41534
                 16.9543                       0.2850707                       222.25717
                  16.956                      0.28352565                       222.09918
                 16.9577                      0.28197363                       221.94137
                 16.9594                      0.28041464                       221.78377
                 16.9611                      0.27884869                       221.62639
                 16.9628                       0.2772758                       221.46924
                 16.9645                      0.27569599                       221.31234
                 16.9662                      0.27410926                       221.15571
                 16.9679                      0.27251564                       220.99937
                 16.9696                      0.27091514                       220.84334
                 16.9713                      0.26930779                       220.68762
                  16.973                      0.26769359                       220.53225
                 16.9747                      0.26607259                       220.37724
                 16.9764                      0.26444478                       220.22261
                 16.9781                      0.26281021                       220.06838
                 16.9798                       0.2611689                       219.91457
                 16.9815                      0.25952086                       219.76121
                 16.9832                      0.25786613                       219.60831
                 16.9849                      0.25620474                        219.4559
                 16.9866                      0.25453671                         219.304
                 16.9883                      0.25286207                       219.15264
                   16.99                      0.25118086                       219.00184
                 16.9917                      0.24949312                       218.85163
                 16.9934                      0.24779886                       218.70204
                 16.9951                      0.24609813                       218.55308
                 16.9968                      0.24439097                       218.40479
                 16.9985                      0.24267741                        218.2572
                 17.0002                      0.24095749                       218.11033
                 17.0019                      0.23923125                       217.96422
                 17.0036                      0.23749874                        217.8189
                 17.0053                      0.23575999                        217.6744
                  17.007                      0.23401505                       217.53075
                 17.0087                      0.23226396                       217.38799
                 17.0104                      0.23050677                       217.24615
                 17.0121                      0.22874352                       217.10527
                 17.0138                      0.22697428                       216.96539
                 17.0155                      0.22519908                       216.82654
                 17.0172                      0.22341797                       216.68877
                 17.0189                      0.22163101                       216.55211
                 17.0206                      0.21983826                       216.41662
                 17.0223                      0.21803976                       216.28232
                  17.024                      0.21623558                       216.14928
                 17.0257                      0.21442577                       216.01753
                 17.0274                      0.21261039                       215.88712
                 17.0291                       0.2107895                        215.7581
                 17.0308                      0.20896317                       215.63053
                 17.0325                      0.20713144                       215.50447
                 17.0342                       0.2052944                       215.37995
                 17.0359                      0.20345211                       215.25705
                 17.0376                      0.20160463                       215.13582
                 17.0393                      0.19975202                       215.01632
                  17.041                      0.19789437                       214.89863
                 17.0427                      0.19603174                       214.78279
                 17.0444                      0.19416421                       214.66889
                 17.0461                      0.19229185                         214.557
                 17.0478                      0.19041473                       214.44719
                 17.0495                      0.18853294                       214.33954
                 17.0512                      0.18664654                       214.23412
                 17.0529                      0.18475564                       214.13103
                 17.0546                      0.18286029                       214.03034
                 17.0563                       0.1809606                       213.93216
                  17.058                      0.17905664                       213.83657
                 17.0597                       0.1771485                       213.74368
                 17.0614                      0.17523628                       213.65359
                 17.0631                      0.17332006                        213.5664
                 17.0648                      0.17139994                       213.48222
                 17.0665                      0.16947601                       213.40119
                 17.0682                      0.16754837                       213.32341
                 17.0699                      0.16561712                       213.24901
                 17.0716                      0.16368237                       213.17814
                 17.0733                      0.16174421                       213.11092
                  17.075                      0.15980275                       213.04752
                 17.0767                      0.15785811                       212.98807
                 17.0784                       0.1559104                       212.93275
                 17.0801                      0.15395973                       212.88173
                 17.0818                      0.15200622                       212.83518
                 17.0835                      0.15004998                       212.79329
                 17.0852                      0.14809116                       212.75626
                 17.0869                      0.14612987                        212.7243
                 17.0886                      0.14416625                       212.69762
                 17.0903                      0.14220044                       212.67646
                  17.092                      0.14023257                       212.66106
                 17.0937                      0.13826279                       212.65168
                 17.0954                      0.13629125                       212.64859
                 17.0971                       0.1343181                       212.65208
                 17.0988                      0.13234352                       212.66244
                 17.1005                      0.13036765                       212.68001
                 17.1022                      0.12839069                       212.70513
                 17.1039                       0.1264128                       212.73814
                 17.1056                      0.12443417                       212.77945
                 17.1073                      0.12245501                       212.82945
                  17.109                      0.12047551                       212.88859
                 17.1107                      0.11849588                       212.95731
                 17.1124                      0.11651636                       213.03611
                 17.1141                      0.11453717                       213.12552
                 17.1158                      0.11255856                        213.2261
                 17.1175                      0.11058078                       213.33843
                 17.1192                      0.10860412                       213.46315
                 17.1209                      0.10662885                       213.60095
                 17.1226                      0.10465529                       213.75256
                 17.1243                      0.10268375                       213.91876
                  17.126                      0.10071457                       214.10039
                 17.1277                      0.09874812                       214.29834
                 17.1294                     0.096784785                       214.51358
                 17.1311                     0.094824976                       214.74717
                 17.1328                     0.092869134                       215.00021
                 17.1345                     0.090917733                       215.27392
                 17.1362                     0.088971278                       215.56959
                 17.1379                     0.087030315                       215.88864
                 17.1396                     0.085095431                       216.23259
                 17.1413                     0.083167261                       216.60308
                  17.143                      0.08124649                       217.00189
                 17.1447                     0.079333862                       217.43096
                 17.1464                     0.077430184                       217.89236
                 17.1481                     0.075536334                       218.38837
                 17.1498                      0.07365327                       218.92145
                 17.1515                     0.071782038                       219.49426
                 17.1532                     0.069923783                       220.10971
                 17.1549                     0.068079757                       220.77094
                 17.1566                     0.066251338                       221.48135
                 17.1583                     0.064440041                       222.24466
                   17.16                     0.062647532                       223.06486
                 17.1617                      0.06087565                        223.9463
                 17.1634                     0.059126424                       224.89365
                 17.1651                     0.057402096                       225.91196
                 17.1668                     0.055705147                       227.00662
                 17.1685                     0.054038316                       228.18342
                 17.1702                     0.052404634                       229.44848
                 17.1719                     0.050807453                       230.80825
                 17.1736                     0.049250469                       232.26946
                 17.1753                     0.047737754                       233.83903
                  17.177                     0.046273786                       235.52395
                 17.1787                     0.044863462                       237.33114
                 17.1804                     0.043512118                        239.2672
                 17.1821                     0.042225528                       241.33815
                 17.1838                     0.041009888                       243.54905
                 17.1855                     0.039871781                       245.90362
                 17.1872                     0.038818111                       248.40369
                 17.1889                     0.037855999                       251.04871
                 17.1906                     0.036992653                       253.83521
                 17.1923                     0.036235181                       256.75626
                  17.194                     0.035590381                        259.8011
                 17.1957                     0.035064494                       262.95494
                 17.1974                     0.034662943                       266.19901
                 17.1991                     0.034390084                       269.51092
                 17.2008                     0.034248977                       272.86539
                 17.2025                     0.034241223                       276.23522
                 17.2042                     0.034366874                       279.59252
                 17.2059                     0.034624423                       282.90997
                 17.2076                     0.035010897                       286.16207
                 17.2093                     0.035522013                       289.32616
                  17.211                       0.0361524                       292.38311
                 17.2127                      0.03689585                       295.31777
                 17.2144                      0.03774558                       298.11904
                 17.2161                     0.038694477                       300.77966
                 17.2178                     0.039735321                       303.29586
                 17.2195                      0.04086096                       305.66686
                 17.2212                     0.042064459                        307.8943
                 17.2229                     0.043339196                       309.98175
                 17.2246                     0.044678935                       311.93417
                 17.2263                     0.046077863                       313.75751
                  17.228                     0.047530609                       315.45832
                 17.2297                     0.049032239                       317.04351
                 17.2314                     0.050578249                       318.52007
                 17.2331                     0.052164538                       319.89493
                 17.2348                     0.053787389                       321.17483
                 17.2365                     0.055443433                       322.36625
                 17.2382                     0.057129627                       323.47535
                 17.2399                     0.058843218                       324.50793
                 17.2416                     0.060581724                       325.46943
                 17.2433                     0.062342898                       326.36491
                  17.245                     0.064124713                       327.19909
                 17.2467                     0.065925334                       327.97633
                 17.2484                     0.067743101                       328.70066
                 17.2501                     0.069576507                       329.37581
                 17.2518                     0.071424189                       330.00521
                 17.2535                     0.073284904                       330.59203
                 17.2552                     0.075157525                       331.13918
                 17.2569                     0.077041023                       331.64936
                 17.2586                     0.078934459                       332.12502
                 17.2603                     0.080836976                       332.56846
                  17.262                     0.082747788                       332.98177
                 17.2637                     0.084666175                        333.3669
                 17.2654                     0.086591476                       333.72563
                 17.2671                     0.088523083                       334.05962
                 17.2688                     0.090460434                        334.3704
                 17.2705                     0.092403014                       334.65937
                 17.2722                     0.094350343                       334.92786
                 17.2739                      0.09630198                       335.17706
                 17.2756                     0.098257514                       335.40811
                 17.2773                      0.10021656                       335.62204
                  17.279                      0.10217878                       335.81984
                 17.2807                      0.10414382                        336.0024
                 17.2824                      0.10611139                       336.17056
                 17.2841                      0.10808119                       336.32511
                 17.2858                      0.11005297                       336.46677
                 17.2875                      0.11202646                       336.59623
                 17.2892                      0.11400143                       336.71412
                 17.2909                      0.11597766                       336.82103
                 17.2926                      0.11795494                       336.91753
                 17.2943                      0.11993307                       337.00414
                  17.296                      0.12191187                       337.08134
                 17.2977                      0.12389117                        337.1496
                 17.2994                      0.12587079                       337.20934
                 17.3011                      0.12785059                       337.26098
                 17.3028                      0.12983042                       337.30488
                 17.3045                      0.13181013                       337.34142
                 17.3062                      0.13378959                       337.37092
                 17.3079                      0.13576867                       337.39371
                 17.3096                      0.13774727                       337.41008
                 17.3113                      0.13972525                       337.42033
                  17.313                      0.14170252                       337.42471
                 17.3147                      0.14367896                       337.42349
                 17.3164                      0.14565448                       337.41689
                 17.3181                      0.14762899                       337.40516
                 17.3198                      0.14960238                        337.3885
                 17.3215                      0.15157459                       337.36711
                 17.3232                      0.15354551                       337.34119
                 17.3249                      0.15551508                       337.31093
                 17.3266                      0.15748321                       337.27649
                 17.3283                      0.15944983                       337.23805
                   17.33                      0.16141488                       337.19576
                 17.3317                      0.16337827                       337.14976
                 17.3334                      0.16533996                       337.10021
                 17.3351                      0.16729986                       337.04724
                 17.3368                      0.16925793                       336.99097
                 17.3385                       0.1712141                       336.93153
                 17.3402                      0.17316831                       336.86904
                 17.3419                      0.17512052                       336.80361
                 17.3436                      0.17707067                       336.73535
                 17.3453                       0.1790187                       336.66435
                  17.347                      0.18096457                       336.59073
                 17.3487                      0.18290822                       336.51456
                 17.3504                      0.18484962                       336.43594
                 17.3521                      0.18678871                       336.35495
                 17.3538                      0.18872546                       336.27168
                 17.3555                      0.19065982                       336.18621
                 17.3572                      0.19259174                        336.0986
                 17.3589                      0.19452119                       336.00894
                 17.3606                      0.19644813                       335.91729
                 17.3623                      0.19837252                       335.82371
                  17.364                      0.20029432                       335.72828
                 17.3657                      0.20221349                       335.63105
                 17.3674                      0.20413001                       335.53207
                 17.3691                      0.20604384                       335.43142
                 17.3708                      0.20795493                       335.32913
                 17.3725                      0.20986327                       335.22526
                 17.3742                      0.21176882                       335.11987
                 17.3759                      0.21367154                         335.013
                 17.3776                      0.21557141                       334.90469
                 17.3793                       0.2174684                         334.795
                  17.381                      0.21936248                       334.68396
                 17.3827                      0.22125361                       334.57161
                 17.3844                      0.22314178                         334.458
                 17.3861                      0.22502695                       334.34317
                 17.3878                       0.2269091                       334.22714
                 17.3895                      0.22878819                       334.10996
                 17.3912                      0.23066422                       333.99166
                 17.3929                      0.23253714                       333.87227
                 17.3946                      0.23440694                       333.75183
                 17.3963                      0.23627359                       333.63037
                  17.398                      0.23813707                       333.50791
                 17.3997                      0.23999735                       333.38449
                 17.4014                      0.24185442                       333.26013
                 17.4031                      0.24370824                       333.13487
                 17.4048                       0.2455588                       333.00872
                 17.4065                      0.24740607                       332.88171
                 17.4082                      0.24925004                       332.75386
                 17.4099                      0.25109068                       332.62521
                 17.4116                      0.25292798                       332.49577
                 17.4133                       0.2547619                       332.36556
                  17.415                      0.25659244                       332.23461
                 17.4167                      0.25841957                       332.10293
                 17.4184                      0.26024327                       331.97055
                 17.4201                      0.26206352                       331.83749
                 17.4218                      0.26388031                       331.70377
                 17.4235                      0.26569362                       331.56939
                 17.4252                      0.26750342                       331.43439
                 17.4269                       0.2693097                       331.29877
                 17.4286                      0.27111245                       331.16256
                 17.4303                      0.27291164                       331.02577
                  17.432                      0.27470726                       330.88842
                 17.4337                      0.27649929                       330.75052
                 17.4354                      0.27828771                       330.61209
                 17.4371                      0.28007251                       330.47313
                 17.4388                      0.28185367                       330.33367
                 17.4405                      0.28363117                       330.19372
                 17.4422                        0.285405                       330.05329
                 17.4439                      0.28717514                        329.9124
                 17.4456                      0.28894158                       329.77105
                 17.4473                      0.29070431                       329.62926
                  17.449                      0.29246329                       329.48704
                 17.4507                      0.29421853                        329.3444
                 17.4524                      0.29597001                       329.20136
                 17.4541                       0.2977177                       329.05792
                 17.4558                       0.2994616                       328.91409
                 17.4575                       0.3012017                       328.76989
                 17.4592                      0.30293797                       328.62532
                 17.4609                      0.30467041                       328.48039
                 17.4626                      0.30639899                       328.33512
                 17.4643                      0.30812371                       328.18951
                  17.466                      0.30984456                       328.04357
                 17.4677                      0.31156151                       327.89731
                 17.4694                      0.31327455                       327.75074
                 17.4711                      0.31498368                       327.60387
                 17.4728                      0.31668888                        327.4567
                 17.4745                      0.31839013                       327.30924
                 17.4762                      0.32008742                       327.16151
                 17.4779                      0.32178074                        327.0135
                 17.4796                      0.32347008                       326.86522
                 17.4813                      0.32515543                       326.71669
                  17.483                      0.32683676                       326.56791
                 17.4847                      0.32851407                       326.41888
                 17.4864                      0.33018735                       326.26961
                 17.4881                      0.33185659                       326.12011
                 17.4898                      0.33352176                       325.97039
                 17.4915                      0.33518287                       325.82045
                 17.4932                      0.33683989                        325.6703
                 17.4949                      0.33849283                       325.51993
                 17.4966                      0.34014165                       325.36937
                 17.4983                      0.34178636                       325.21861
                    17.5                      0.34342694                       325.06766

