                        S2(1),1(1)/abs,linear                S2(1),1(1)/arg,degrees
----------------------------------------------------------------------------------------------------------------
                    15.8                    0.0010527183                       325.07922
                 15.8017                    0.0010970388                       322.69962
                 15.8034                    0.0011429758                       320.10365
                 15.8051                    0.0011900976                        317.2746
                 15.8068                    0.0012377755                       314.19752
                 15.8085                    0.0012851468                       310.86085
                 15.8102                    0.0013310906                       307.25846
                 15.8119                    0.0013742288                       303.39199
                 15.8136                    0.0014129675                       299.27329
                 15.8153                    0.0014455934                       294.92652
                  15.817                    0.0014704279                       290.38929
                 15.8187                    0.0014860251                       285.71225
                 15.8204                    0.0014913771                       280.95673
                 15.8221                    0.0014860767                       276.19048
                 15.8238                    0.0014703878                       271.48223
                 15.8255                    0.0014452036                       266.89592
                 15.8272                    0.0014119031                       262.48602
                 15.8289                    0.0013721504                        258.2945
                 15.8306                     0.001327689                       254.34981
                 15.8323                    0.0012801721                        250.6676
                  15.834                    0.0012310506                       247.25256
                 15.8357                    0.0011815181                       244.10079
                 15.8374                    0.0011325018                       241.20227
                 15.8391                    0.0010846828                       238.54295
                 15.8408                    0.0010385318                       236.10653
                 15.8425                   0.00099434947                       233.87577
                 15.8442                   0.00095230513                        231.8334
                 15.8459                   0.00091247037                       229.96276
                 15.8476                   0.00087484676                        228.2481
                 15.8493                   0.00083938757                       226.67485
                  15.851                   0.00080601428                       225.22967
                 15.8527                   0.00077462878                       223.90042
                 15.8544                   0.00074512225                       222.67617
                 15.8561                   0.00071738135                       221.54708
                 15.8578                   0.00069129254                       220.50431
                 15.8595                   0.00066674491                       219.53998
                 15.8612                   0.00064363201                       218.64702
                 15.8629                   0.00062185292                       217.81908
                 15.8646                   0.00060131284                       217.05053
                 15.8663                   0.00058192329                       216.33627
                  15.868                   0.00056360206                       215.67177
                 15.8697                   0.00054627308                       215.05295
                 15.8714                   0.00052986605                       214.47612
                 15.8731                   0.00051431621                         213.938
                 15.8748                   0.00049956389                       213.43559
                 15.8765                   0.00048555417                       212.96621
                 15.8782                   0.00047223656                       212.52742
                 15.8799                   0.00045956455                       212.11701
                 15.8816                   0.00044749537                       211.73297
                 15.8833                   0.00043598964                        211.3735
                  15.885                   0.00042501107                       211.03692
                 15.8867                   0.00041452622                       210.72172
                 15.8884                   0.00040450423                       210.42652
                 15.8901                    0.0003949166                       210.15005
                 15.8918                   0.00038573702                       209.89115
                 15.8935                   0.00037694113                       209.64876
                 15.8952                   0.00036850639                        209.4219
                 15.8969                    0.0003604119                       209.20966
                 15.8986                   0.00035263828                       209.01122
                 15.9003                   0.00034516755                        208.8258
                  15.902                   0.00033798297                        208.6527
                 15.9037                   0.00033106898                       208.49126
                 15.9054                    0.0003244111                       208.34088
                 15.9071                   0.00031799582                       208.20098
                 15.9088                   0.00031181054                       208.07104
                 15.9105                   0.00030584348                       207.95058
                 15.9122                   0.00030008365                       207.83914
                 15.9139                   0.00029452076                       207.73631
                 15.9156                   0.00028914515                       207.64167
                 15.9173                   0.00028394781                       207.55487
                  15.919                   0.00027892024                       207.47556
                 15.9207                   0.00027405449                       207.40342
                 15.9224                   0.00026934309                       207.33814
                 15.9241                   0.00026477899                       207.27945
                 15.9258                   0.00026035558                       207.22707
                 15.9275                   0.00025606663                       207.18076
                 15.9292                   0.00025190624                       207.14029
                 15.9309                   0.00024786887                       207.10542
                 15.9326                    0.0002439493                       207.07596
                 15.9343                   0.00024014256                       207.05171
                  15.936                   0.00023644397                       207.03249
                 15.9377                   0.00023284913                       207.01811
                 15.9394                   0.00022935382                       207.00842
                 15.9411                   0.00022595408                       207.00326
                 15.9428                   0.00022264615                       207.00249
                 15.9445                   0.00021942645                       207.00597
                 15.9462                    0.0002162916                       207.01355
                 15.9479                   0.00021323837                       207.02513
                 15.9496                    0.0002102637                       207.04058
                 15.9513                   0.00020736469                        207.0598
                  15.953                   0.00020453856                       207.08266
                 15.9547                   0.00020178267                       207.10909
                 15.9564                   0.00019909452                       207.13897
                 15.9581                   0.00019647171                       207.17222
                 15.9598                   0.00019391197                       207.20875
                 15.9615                    0.0001914131                       207.24849
                 15.9632                   0.00018897303                       207.29134
                 15.9649                   0.00018658978                       207.33725
                 15.9666                   0.00018426145                       207.38613
                 15.9683                   0.00018198623                       207.43792
                   15.97                   0.00017976237                       207.49256
                 15.9717                   0.00017758823                       207.54999
                 15.9734                   0.00017546221                       207.61014
                 15.9751                   0.00017338279                       207.67296
                 15.9768                   0.00017134851                        207.7384
                 15.9785                   0.00016935798                       207.80641
                 15.9802                   0.00016740985                       207.87694
                 15.9819                   0.00016550283                       207.94995
                 15.9836                    0.0001636357                       208.02538
                 15.9853                   0.00016180727                        208.1032
                  15.987                   0.00016001641                       208.18336
                 15.9887                   0.00015826201                       208.26584
                 15.9904                   0.00015654302                       208.35058
                 15.9921                   0.00015485845                       208.43756
                 15.9938                   0.00015320731                       208.52675
                 15.9955                   0.00015158866                        208.6181
                 15.9972                   0.00015000162                        208.7116
                 15.9989                   0.00014844531                        208.8072
                 16.0006                   0.00014691889                       208.90489
                 16.0023                   0.00014542157                       209.00463
                  16.004                   0.00014395257                       209.10639
                 16.0057                   0.00014251113                       209.21016
                 16.0074                   0.00014109654                       209.31591
                 16.0091                   0.00013970811                       209.42362
                 16.0108                   0.00013834515                       209.53326
                 16.0125                   0.00013700703                       209.64482
                 16.0142                   0.00013569312                       209.75826
                 16.0159                   0.00013440281                       209.87358
                 16.0176                   0.00013313552                       209.99076
                 16.0193                   0.00013189068                       210.10978
                  16.021                   0.00013066776                       210.23061
                 16.0227                   0.00012946621                       210.35325
                 16.0244                   0.00012828554                       210.47768
                 16.0261                   0.00012712524                       210.60387
                 16.0278                   0.00012598485                       210.73183
                 16.0295                   0.00012486389                       210.86154
                 16.0312                   0.00012376193                       210.99297
                 16.0329                   0.00012267852                       211.12612
                 16.0346                   0.00012161325                       211.26098
                 16.0363                   0.00012056571                       211.39753
                  16.038                   0.00011953551                       211.53577
                 16.0397                   0.00011852226                       211.67568
                 16.0414                    0.0001175256                       211.81725
                 16.0431                   0.00011654516                       211.96047
                 16.0448                    0.0001155806                       212.10533
                 16.0465                   0.00011463158                       212.25183
                 16.0482                   0.00011369776                       212.39994
                 16.0499                   0.00011277884                       212.54968
                 16.0516                   0.00011187451                       212.70102
                 16.0533                   0.00011098445                       212.85396
                  16.055                   0.00011010839                       213.00849
                 16.0567                   0.00010924604                       213.16461
                 16.0584                   0.00010839712                        213.3223
                 16.0601                   0.00010756136                       213.48156
                 16.0618                   0.00010673852                       213.64239
                 16.0635                   0.00010592833                       213.80478
                 16.0652                   0.00010513054                       213.96872
                 16.0669                   0.00010434493                        214.1342
                 16.0686                   0.00010357125                       214.30123
                 16.0703                   0.00010280929                       214.46979
                  16.072                   0.00010205882                       214.63988
                 16.0737                   0.00010131962                        214.8115
                 16.0754                    0.0001005915                       214.98464
                 16.0771                  9.9874241e-005                        215.1593
                 16.0788                  9.9167655e-005                       215.33548
                 16.0805                  9.8471546e-005                       215.51316
                 16.0822                  9.7785729e-005                       215.69235
                 16.0839                  9.7110019e-005                       215.87304
                 16.0856                  9.6444241e-005                       216.05522
                 16.0873                   9.578822e-005                       216.23891
                  16.089                  9.5141788e-005                       216.42409
                 16.0907                   9.450478e-005                       216.61075
                 16.0924                  9.3877037e-005                       216.79891
                 16.0941                  9.3258402e-005                       216.98855
                 16.0958                  9.2648722e-005                       217.17967
                 16.0975                  9.2047848e-005                       217.37227
                 16.0992                  9.1455637e-005                       217.56635
                 16.1009                  9.0871946e-005                       217.76191
                 16.1026                  9.0296636e-005                       217.95894
                 16.1043                  8.9729574e-005                       218.15744
                  16.106                  8.9170627e-005                       218.35741
                 16.1077                  8.8619668e-005                       218.55886
                 16.1094                   8.807657e-005                       218.76177
                 16.1111                  8.7541212e-005                       218.96615
                 16.1128                  8.7013473e-005                         219.172
                 16.1145                  8.6493237e-005                       219.37932
                 16.1162                   8.598039e-005                        219.5881
                 16.1179                  8.5474819e-005                       219.79835
                 16.1196                  8.4976417e-005                       220.01007
                 16.1213                  8.4485075e-005                       220.22325
                  16.123                  8.4000691e-005                        220.4379
                 16.1247                  8.3523163e-005                       220.65401
                 16.1264                  8.3052389e-005                        220.8716
                 16.1281                  8.2588275e-005                       221.09065
                 16.1298                  8.2130723e-005                       221.31117
                 16.1315                   8.167964e-005                       221.53316
                 16.1332                  8.1234937e-005                       221.75662
                 16.1349                  8.0796522e-005                       221.98156
                 16.1366                  8.0364309e-005                       222.20798
                 16.1383                  7.9938213e-005                       222.43587
                   16.14                  7.9518149e-005                       222.66524
                 16.1417                  7.9104035e-005                        222.8961
                 16.1434                  7.8695792e-005                       223.12844
                 16.1451                   7.829334e-005                       223.36227
                 16.1468                  7.7896602e-005                        223.5976
                 16.1485                  7.7505504e-005                       223.83442
                 16.1502                   7.711997e-005                       224.07274
                 16.1519                  7.6739928e-005                       224.31257
                 16.1536                  7.6365307e-005                       224.55391
                 16.1553                  7.5996038e-005                       224.79677
                  16.157                  7.5632051e-005                       225.04114
                 16.1587                   7.527328e-005                       225.28705
                 16.1604                   7.491966e-005                       225.53449
                 16.1621                  7.4571124e-005                       225.78347
                 16.1638                   7.422761e-005                       226.03399
                 16.1655                  7.3889056e-005                       226.28608
                 16.1672                    7.35554e-005                       226.53972
                 16.1689                  7.3226583e-005                       226.79494
                 16.1706                  7.2902546e-005                       227.05175
                 16.1723                  7.2583229e-005                       227.31014
                  16.174                  7.2268578e-005                       227.57014
                 16.1757                  7.1958535e-005                       227.83176
                 16.1774                  7.1653046e-005                         228.095
                 16.1791                  7.1352056e-005                       228.35988
                 16.1808                  7.1055513e-005                       228.62641
                 16.1825                  7.0763363e-005                       228.89461
                 16.1842                  7.0475556e-005                       229.16449
                 16.1859                  7.0192041e-005                       229.43606
                 16.1876                  6.9912767e-005                       229.70935
                 16.1893                  6.9637685e-005                       229.98437
                  16.191                  6.9366748e-005                       230.26114
                 16.1927                  6.9099907e-005                       230.53969
                 16.1944                  6.8837115e-005                       230.82002
                 16.1961                  6.8578326e-005                       231.10216
                 16.1978                  6.8323494e-005                       231.38614
                 16.1995                  6.8072573e-005                       231.67197
                 16.2012                  6.7825519e-005                        231.9597
                 16.2029                  6.7582288e-005                       232.24933
                 16.2046                  6.7342836e-005                        232.5409
                 16.2063                   6.710712e-005                       232.83444
                  16.208                  6.6875098e-005                       233.12999
                 16.2097                  6.6646728e-005                       233.42757
                 16.2114                  6.6421967e-005                       233.72721
                 16.2131                  6.6200775e-005                       234.02897
                 16.2148                   6.598311e-005                       234.33286
                 16.2165                  6.5768932e-005                       234.63895
                 16.2182                  6.5558201e-005                       234.94726
                 16.2199                  6.5350877e-005                       235.25784
                 16.2216                   6.514692e-005                       235.57075
                 16.2233                   6.494629e-005                       235.88602
                  16.225                   6.474895e-005                       236.20372
                 16.2267                  6.4554859e-005                        236.5239
                 16.2284                  6.4363978e-005                       236.84662
                 16.2301                   6.417627e-005                       237.17193
                 16.2318                  6.3991696e-005                       237.49991
                 16.2335                  6.3810217e-005                       237.83062
                 16.2352                  6.3631794e-005                       238.16413
                 16.2369                   6.345639e-005                       238.50052
                 16.2386                  6.3283966e-005                       238.83987
                 16.2403                  6.3114483e-005                       239.18226
                  16.242                  6.2947903e-005                       239.52779
                 16.2437                  6.2784187e-005                       239.87654
                 16.2454                  6.2623295e-005                       240.22861
                 16.2471                   6.246519e-005                       240.58411
                 16.2488                   6.230983e-005                       240.94315
                 16.2505                  6.2157177e-005                       241.30584
                 16.2522                   6.200719e-005                        241.6723
                 16.2539                  6.1859829e-005                       242.04267
                 16.2556                  6.1715052e-005                       242.41708
                 16.2573                  6.1572817e-005                       242.79567
                  16.259                  6.1433082e-005                        243.1786
                 16.2607                  6.1295804e-005                       243.56602
                 16.2624                  6.1160939e-005                       243.95811
                 16.2641                  6.1028441e-005                       244.35504
                 16.2658                  6.0898265e-005                       244.75702
                 16.2675                  6.0770364e-005                       245.16423
                 16.2692                  6.0644689e-005                        245.5769
                 16.2709                   6.052119e-005                       245.99524
                 16.2726                  6.0399816e-005                       246.41951
                 16.2743                  6.0280515e-005                       246.84995
                  16.276                  6.0163231e-005                       247.28684
                 16.2777                  6.0047908e-005                       247.73046
                 16.2794                  5.9934487e-005                       248.18113
                 16.2811                  5.9822906e-005                       248.63917
                 16.2828                  5.9713102e-005                       249.10492
                 16.2845                  5.9605007e-005                       249.57876
                 16.2862                   5.949855e-005                       250.06108
                 16.2879                  5.9393659e-005                        250.5523
                 16.2896                  5.9290256e-005                       251.05288
                 16.2913                  5.9188258e-005                       251.56329
                  16.293                  5.9087579e-005                       252.08405
                 16.2947                  5.8988128e-005                       252.61571
                 16.2964                  5.8889805e-005                       253.15887
                 16.2981                  5.8792508e-005                       253.71414
                 16.2998                  5.8696125e-005                       254.28223
                 16.3015                  5.8600537e-005                       254.86385
                 16.3032                  5.8505617e-005                        255.4598
                 16.3049                  5.8411228e-005                       256.07093
                 16.3066                  5.8317222e-005                       256.69815
                 16.3083                   5.822344e-005                       257.34246
                   16.31                  5.8129707e-005                       258.00491
                 16.3117                  5.8035838e-005                       258.68669
                 16.3134                  5.7941627e-005                       259.38903
                 16.3151                  5.7846853e-005                       260.11331
                 16.3168                  5.7751271e-005                       260.86101
                 16.3185                  5.7654615e-005                       261.63376
                 16.3202                  5.7556593e-005                       262.43331
                 16.3219                  5.7456881e-005                        263.2616
                 16.3236                  5.7355123e-005                       264.12074
                 16.3253                  5.7250927e-005                       265.01306
                  16.327                  5.7143855e-005                       265.94108
                 16.3287                  5.7033422e-005                       266.90762
                 16.3304                  5.6919088e-005                       267.91578
                 16.3321                  5.6800247e-005                       268.96896
                 16.3338                  5.6676226e-005                       270.07097
                 16.3355                  5.6546264e-005                       271.22599
                 16.3372                  5.6409509e-005                       272.43871
                 16.3389                  5.6264999e-005                       273.71434
                 16.3406                   5.611165e-005                       275.05872
                 16.3423                  5.5948232e-005                       276.47839
                  16.344                  5.5773354e-005                       277.98069
                 16.3457                  5.5585433e-005                       279.57389
                 16.3474                  5.5382674e-005                       281.26735
                 16.3491                  5.5163029e-005                       283.07165
                 16.3508                  5.4924172e-005                       284.99881
                 16.3525                  5.4663452e-005                       287.06251
                 16.3542                  5.4377859e-005                       289.27838
                 16.3559                   5.406398e-005                       291.66429
                 16.3576                  5.3717961e-005                       294.24072
                 16.3593                   5.333548e-005                       297.03123
                  16.361                  5.2911737e-005                       300.06287
                 16.3627                  5.2441482e-005                       303.36683
                 16.3644                  5.1919101e-005                       306.97898
                 16.3661                  5.1338796e-005                       310.94053
                 16.3678                  5.0694922e-005                       315.29867
                 16.3695                  4.9982543e-005                        320.1071
                 16.3712                  4.9198317e-005                       325.42625
                 16.3729                  4.8341816e-005                       331.32298
                 16.3746                  4.7417403e-005                       337.86931
                 16.3763                  4.6436702e-005                        345.1394
                  16.378                   4.542155e-005                       353.20387
                 16.3797                  4.4406963e-005                       2.1203742
                 16.3814                  4.3443082e-005                         11.9193
                 16.3831                  4.2594472e-005                       22.584951
                 16.3848                  4.1934834e-005                       34.035204
                 16.3865                  4.1536069e-005                       46.106859
                 16.3882                  4.1453134e-005                       58.556927
                 16.3899                  4.1709516e-005                       71.087186
                 16.3916                  4.2289814e-005                       83.388428
                 16.3933                  4.3143318e-005                       95.188555
                  16.395                  4.4196893e-005                       106.28622
                 16.3967                  4.5371147e-005                       116.56138
                 16.3984                  4.6593854e-005                       125.96665
                 16.4001                  4.7807627e-005                       134.50909
                 16.4018                  4.8972071e-005                       142.23109
                 16.4035                   5.006227e-005                       149.19451
                 16.4052                  5.1065591e-005                       155.46943
                 16.4069                  5.1978188e-005                       161.12702
                 16.4086                  5.2801968e-005                       166.23529
                 16.4103                  5.3542243e-005                       170.85693
                  16.412                  5.4206072e-005                       175.04847
                 16.4137                  5.4801166e-005                       178.86012
                 16.4154                  5.5335212e-005                       182.33609
                 16.4171                  5.5815482e-005                       185.51507
                 16.4188                  5.6248643e-005                       188.43081
                 16.4205                  5.6640678e-005                       191.11272
                 16.4222                  5.6996883e-005                       193.58642
                 16.4239                  5.7321903e-005                       195.87423
                 16.4256                  5.7619787e-005                       197.99564
                 16.4273                  5.7894052e-005                       199.96767
                  16.429                  5.8147746e-005                       201.80526
                 16.4307                  5.8383508e-005                       203.52149
                 16.4324                  5.8603622e-005                       205.12789
                 16.4341                  5.8810065e-005                       206.63463
                 16.4358                  5.9004553e-005                       208.05071
                 16.4375                  5.9188575e-005                       209.38411
                 16.4392                  5.9363425e-005                       210.64191
                 16.4409                  5.9530231e-005                       211.83045
                 16.4426                  5.9689977e-005                       212.95536
                 16.4443                  5.9843523e-005                       214.02171
                  16.446                  5.9991623e-005                       215.03404
                 16.4477                  6.0134938e-005                       215.99644
                 16.4494                   6.027405e-005                       216.91259
                 16.4511                  6.0409474e-005                       217.78582
                 16.4528                   6.054166e-005                       218.61916
                 16.4545                  6.0671011e-005                       219.41534
                 16.4562                  6.0797881e-005                       220.17686
                 16.4579                  6.0922586e-005                       220.90598
                 16.4596                  6.1045406e-005                       221.60478
                 16.4613                  6.1166591e-005                       222.27515
                  16.463                  6.1286364e-005                       222.91883
                 16.4647                  6.1404925e-005                       223.53742
                 16.4664                  6.1522452e-005                       224.13237
                 16.4681                  6.1639104e-005                       224.70505
                 16.4698                  6.1755026e-005                       225.25669
                 16.4715                  6.1870345e-005                       225.78844
                 16.4732                  6.1985178e-005                       226.30136
                 16.4749                  6.2099629e-005                       226.79645
                 16.4766                  6.2213792e-005                        227.2746
                 16.4783                  6.2327751e-005                       227.73668
                   16.48                  6.2441583e-005                       228.18346
                 16.4817                  6.2555357e-005                       228.61568
                 16.4834                  6.2669135e-005                       229.03403
                 16.4851                  6.2782974e-005                       229.43914
                 16.4868                  6.2896924e-005                       229.83161
                 16.4885                  6.3011031e-005                       230.21199
                 16.4902                  6.3125337e-005                       230.58081
                 16.4919                   6.323988e-005                       230.93856
                 16.4936                  6.3354693e-005                        231.2857
                 16.4953                  6.3469807e-005                       231.62265
                  16.497                   6.358525e-005                       231.94982
                 16.4987                  6.3701047e-005                       232.26759
                 16.5004                  6.3817219e-005                       232.57633
                 16.5021                  6.3933788e-005                       232.87637
                 16.5038                  6.4050771e-005                       233.16802
                 16.5055                  6.4168184e-005                        233.4516
                 16.5072                  6.4286042e-005                       233.72738
                 16.5089                  6.4404359e-005                       233.99564
                 16.5106                  6.4523144e-005                       234.25662
                 16.5123                  6.4642409e-005                       234.51057
                  16.514                  6.4762163e-005                       234.75772
                 16.5157                  6.4882412e-005                       234.99829
                 16.5174                  6.5003164e-005                       235.23248
                 16.5191                  6.5124425e-005                       235.46049
                 16.5208                  6.5246199e-005                       235.68249
                 16.5225                   6.536849e-005                       235.89868
                 16.5242                  6.5491303e-005                       236.10922
                 16.5259                  6.5614638e-005                       236.31426
                 16.5276                  6.5738498e-005                       236.51397
                 16.5293                  6.5862885e-005                       236.70848
                  16.531                    6.59878e-005                       236.89794
                 16.5327                  6.6113241e-005                       237.08248
                 16.5344                  6.6239211e-005                       237.26222
                 16.5361                  6.6365706e-005                       237.43729
                 16.5378                  6.6492728e-005                        237.6078
                 16.5395                  6.6620273e-005                       237.77387
                 16.5412                  6.6748341e-005                       237.93559
                 16.5429                  6.6876928e-005                       238.09307
                 16.5446                  6.7006034e-005                       238.24642
                 16.5463                  6.7135654e-005                       238.39571
                  16.548                  6.7265785e-005                       238.54105
                 16.5497                  6.7396425e-005                       238.68251
                 16.5514                   6.752757e-005                       238.82018
                 16.5531                  6.7659216e-005                       238.95415
                 16.5548                  6.7791359e-005                       239.08447
                 16.5565                  6.7923994e-005                       239.21124
                 16.5582                  6.8057118e-005                       239.33452
                 16.5599                  6.8190726e-005                       239.45438
                 16.5616                  6.8324812e-005                       239.57087
                 16.5633                  6.8459373e-005                       239.68408
                  16.565                  6.8594402e-005                       239.79405
                 16.5667                  6.8729895e-005                       239.90085
                 16.5684                  6.8865847e-005                       240.00453
                 16.5701                  6.9002252e-005                       240.10514
                 16.5718                  6.9139104e-005                       240.20275
                 16.5735                  6.9276397e-005                        240.2974
                 16.5752                  6.9414127e-005                       240.38913
                 16.5769                  6.9552286e-005                         240.478
                 16.5786                  6.9690869e-005                       240.56406
                 16.5803                   6.982987e-005                       240.64734
                  16.582                  6.9969282e-005                       240.72789
                 16.5837                  7.0109099e-005                       240.80576
                 16.5854                  7.0249315e-005                       240.88098
                 16.5871                  7.0389923e-005                       240.95358
                 16.5888                  7.0530917e-005                       241.02362
                 16.5905                   7.067229e-005                       241.09112
                 16.5922                  7.0814035e-005                       241.15613
                 16.5939                  7.0956146e-005                       241.21867
                 16.5956                  7.1098616e-005                       241.27878
                 16.5973                  7.1241437e-005                       241.33649
                  16.599                  7.1384603e-005                       241.39184
                 16.6007                  7.1528107e-005                       241.44484
                 16.6024                  7.1671942e-005                       241.49555
                 16.6041                    7.18161e-005                       241.54398
                 16.6058                  7.1960574e-005                       241.59015
                 16.6075                  7.2105358e-005                       241.63411
                 16.6092                  7.2250443e-005                       241.67587
                 16.6109                  7.2395823e-005                       241.71547
                 16.6126                  7.2541489e-005                       241.75292
                 16.6143                  7.2687435e-005                       241.78825
                  16.616                  7.2833653e-005                       241.82149
                 16.6177                  7.2980135e-005                       241.85266
                 16.6194                  7.3126874e-005                       241.88178
                 16.6211                  7.3273862e-005                       241.90887
                 16.6228                  7.3421091e-005                       241.93396
                 16.6245                  7.3568554e-005                       241.95707
                 16.6262                  7.3716243e-005                       241.97821
                 16.6279                  7.3864149e-005                       241.99741
                 16.6296                  7.4012265e-005                       242.01469
                 16.6313                  7.4160584e-005                       242.03007
                  16.633                  7.4309096e-005                       242.04356
                 16.6347                  7.4457795e-005                       242.05519
                 16.6364                  7.4606671e-005                       242.06497
                 16.6381                  7.4755718e-005                       242.07292
                 16.6398                  7.4904926e-005                       242.07906
                 16.6415                  7.5054288e-005                        242.0834
                 16.6432                  7.5203795e-005                       242.08596
                 16.6449                  7.5353439e-005                       242.08676
                 16.6466                  7.5503211e-005                       242.08581
                 16.6483                  7.5653105e-005                       242.08313
                   16.65                   7.580311e-005                       242.07874
                 16.6517                  7.5953219e-005                       242.07264
                 16.6534                  7.6103423e-005                       242.06486
                 16.6551                  7.6253713e-005                        242.0554
                 16.6568                  7.6404082e-005                       242.04429
                 16.6585                  7.6554521e-005                       242.03153
                 16.6602                   7.670502e-005                       242.01715
                 16.6619                  7.6855572e-005                       242.00114
                 16.6636                  7.7006167e-005                       241.98353
                 16.6653                  7.7156798e-005                       241.96434
                  16.667                  7.7307454e-005                       241.94356
                 16.6687                  7.7458128e-005                       241.92122
                 16.6704                  7.7608811e-005                       241.89732
                 16.6721                  7.7759494e-005                       241.87188
                 16.6738                  7.7910168e-005                       241.84491
                 16.6755                  7.8060824e-005                       241.81643
                 16.6772                  7.8211453e-005                       241.78644
                 16.6789                  7.8362046e-005                       241.75495
                 16.6806                  7.8512595e-005                       241.72198
                 16.6823                   7.866309e-005                       241.68754
                  16.684                  7.8813522e-005                       241.65164
                 16.6857                  7.8963882e-005                       241.61428
                 16.6874                  7.9114161e-005                       241.57549
                 16.6891                   7.926435e-005                       241.53527
                 16.6908                   7.941444e-005                       241.49362
                 16.6925                  7.9564421e-005                       241.45057
                 16.6942                  7.9714285e-005                       241.40612
                 16.6959                  7.9864022e-005                       241.36027
                 16.6976                  8.0013623e-005                       241.31305
                 16.6993                  8.0163079e-005                       241.26446
                  16.701                   8.031238e-005                       241.21451
                 16.7027                  8.0461516e-005                       241.16321
                 16.7044                   8.061048e-005                       241.11056
                 16.7061                  8.0759261e-005                       241.05659
                 16.7078                   8.090785e-005                       241.00129
                 16.7095                  8.1056237e-005                       240.94467
                 16.7112                  8.1204414e-005                       240.88675
                 16.7129                  8.1352371e-005                       240.82754
                 16.7146                  8.1500097e-005                       240.76704
                 16.7163                  8.1647585e-005                       240.70525
                  16.718                  8.1794824e-005                        240.6422
                 16.7197                  8.1941804e-005                       240.57789
                 16.7214                  8.2088517e-005                       240.51232
                 16.7231                  8.2234953e-005                       240.44551
                 16.7248                  8.2381103e-005                       240.37747
                 16.7265                  8.2526956e-005                       240.30819
                 16.7282                  8.2672503e-005                        240.2377
                 16.7299                  8.2817736e-005                       240.16599
                 16.7316                  8.2962643e-005                       240.09308
                 16.7333                  8.3107216e-005                       240.01897
                  16.735                  8.3251445e-005                       239.94368
                 16.7367                  8.3395321e-005                        239.8672
                 16.7384                  8.3538834e-005                       239.78956
                 16.7401                  8.3681974e-005                       239.71075
                 16.7418                  8.3824732e-005                       239.63078
                 16.7435                  8.3967099e-005                       239.54966
                 16.7452                  8.4109064e-005                       239.46741
                 16.7469                  8.4250618e-005                       239.38402
                 16.7486                  8.4391752e-005                        239.2995
                 16.7503                  8.4532457e-005                       239.21386
                  16.752                  8.4672722e-005                       239.12712
                 16.7537                  8.4812538e-005                       239.03927
                 16.7554                  8.4951895e-005                       238.95032
                 16.7571                  8.5090785e-005                       238.86029
                 16.7588                  8.5229198e-005                       238.76917
                 16.7605                  8.5367124e-005                       238.67698
                 16.7622                  8.5504553e-005                       238.58372
                 16.7639                  8.5641478e-005                        238.4894
                 16.7656                  8.5777887e-005                       238.39403
                 16.7673                  8.5913772e-005                       238.29762
                  16.769                  8.6049123e-005                       238.20016
                 16.7707                  8.6183931e-005                       238.10168
                 16.7724                  8.6318187e-005                       238.00217
                 16.7741                  8.6451881e-005                       237.90164
                 16.7758                  8.6585005e-005                        237.8001
                 16.7775                  8.6717548e-005                       237.69756
                 16.7792                  8.6849502e-005                       237.59402
                 16.7809                  8.6980859e-005                        237.4895
                 16.7826                  8.7111607e-005                       237.38399
                 16.7843                   8.724174e-005                       237.27751
                  16.786                  8.7371247e-005                       237.17006
                 16.7877                  8.7500119e-005                       237.06164
                 16.7894                  8.7628349e-005                       236.95228
                 16.7911                  8.7755926e-005                       236.84196
                 16.7928                  8.7882842e-005                        236.7307
                 16.7945                  8.8009088e-005                       236.61851
                 16.7962                  8.8134656e-005                       236.50539
                 16.7979                  8.8259536e-005                       236.39136
                 16.7996                  8.8383721e-005                        236.2764
                 16.8013                  8.8507202e-005                       236.16054
                  16.803                  8.8629969e-005                       236.04378
                 16.8047                  8.8752015e-005                       235.92613
                 16.8064                  8.8873332e-005                       235.80759
                 16.8081                   8.899391e-005                       235.68817
                 16.8098                  8.9113743e-005                       235.56787
                 16.8115                   8.923282e-005                       235.44671
                 16.8132                  8.9351136e-005                       235.32469
                 16.8149                   8.946868e-005                       235.20181
                 16.8166                  8.9585446e-005                       235.07809
                 16.8183                  8.9701426e-005                       234.95352
                   16.82                  8.9816611e-005                       234.82812
                 16.8217                  8.9930995e-005                        234.7019
                 16.8234                  9.0044568e-005                       234.57485
                 16.8251                  9.0157325e-005                       234.44699
                 16.8268                  9.0269257e-005                       234.31832
                 16.8285                  9.0380356e-005                       234.18885
                 16.8302                  9.0490616e-005                       234.05859
                 16.8319                   9.060003e-005                       233.92753
                 16.8336                   9.070859e-005                        233.7957
                 16.8353                  9.0816288e-005                       233.66309
                  16.837                   9.092312e-005                       233.52971
                 16.8387                  9.1029076e-005                       233.39557
                 16.8404                  9.1134151e-005                       233.26067
                 16.8421                  9.1238338e-005                       233.12502
                 16.8438                   9.134163e-005                       232.98863
                 16.8455                  9.1444022e-005                       232.85151
                 16.8472                  9.1545506e-005                       232.71365
                 16.8489                  9.1646077e-005                       232.57507
                 16.8506                  9.1745727e-005                       232.43577
                 16.8523                  9.1844453e-005                       232.29576
                  16.854                  9.1942246e-005                       232.15504
                 16.8557                  9.2039102e-005                       232.01363
                 16.8574                  9.2135015e-005                       231.87152
                 16.8591                   9.222998e-005                       231.72872
                 16.8608                   9.232399e-005                       231.58525
                 16.8625                  9.2417042e-005                        231.4411
                 16.8642                  9.2509128e-005                       231.29629
                 16.8659                  9.2600245e-005                       231.15081
                 16.8676                  9.2690388e-005                       231.00468
                 16.8693                  9.2779551e-005                        230.8579
                  16.871                  9.2867731e-005                       230.71047
                 16.8727                  9.2954921e-005                       230.56241
                 16.8744                  9.3041119e-005                       230.41372
                 16.8761                   9.312632e-005                        230.2644
                 16.8778                  9.3210519e-005                       230.11446
                 16.8795                  9.3293713e-005                       229.96392
                 16.8812                  9.3375897e-005                       229.81276
                 16.8829                  9.3457068e-005                         229.661
                 16.8846                  9.3537223e-005                       229.50865
                 16.8863                  9.3616357e-005                       229.35571
                  16.888                  9.3694468e-005                       229.20219
                 16.8897                  9.3771553e-005                       229.04809
                 16.8914                  9.3847608e-005                       228.89342
                 16.8931                   9.392263e-005                       228.73818
                 16.8948                  9.3996617e-005                       228.58238
                 16.8965                  9.4069566e-005                       228.42603
                 16.8982                  9.4141474e-005                       228.26913
                 16.8999                   9.421234e-005                       228.11169
                 16.9016                  9.4282161e-005                       227.95371
                 16.9033                  9.4350936e-005                        227.7952
                  16.905                  9.4418661e-005                       227.63616
                 16.9067                  9.4485336e-005                        227.4766
                 16.9084                   9.455096e-005                       227.31653
                 16.9101                   9.461553e-005                       227.15595
                 16.9118                  9.4679045e-005                       226.99487
                 16.9135                  9.4741505e-005                       226.83328
                 16.9152                  9.4802908e-005                       226.67121
                 16.9169                  9.4863254e-005                       226.50865
                 16.9186                  9.4922542e-005                        226.3456
                 16.9203                  9.4980772e-005                       226.18208
                  16.922                  9.5037943e-005                       226.01808
                 16.9237                  9.5094055e-005                       225.85362
                 16.9254                  9.5149109e-005                        225.6887
                 16.9271                  9.5203104e-005                       225.52332
                 16.9288                   9.525604e-005                       225.35749
                 16.9305                  9.5307919e-005                       225.19121
                 16.9322                  9.5358741e-005                       225.02449
                 16.9339                  9.5408507e-005                       224.85734
                 16.9356                  9.5457218e-005                       224.68975
                 16.9373                  9.5504875e-005                       224.52173
                  16.939                  9.5551479e-005                        224.3533
                 16.9407                  9.5597031e-005                       224.18444
                 16.9424                  9.5641534e-005                       224.01518
                 16.9441                   9.568499e-005                        223.8455
                 16.9458                    9.57274e-005                       223.67542
                 16.9475                  9.5768766e-005                       223.50495
                 16.9492                  9.5809091e-005                       223.33407
                 16.9509                  9.5848377e-005                       223.16281
                 16.9526                  9.5886626e-005                       222.99116
                 16.9543                  9.5923843e-005                       222.81913
                  16.956                  9.5960029e-005                       222.64672
                 16.9577                  9.5995187e-005                       222.47394
                 16.9594                  9.6029322e-005                       222.30079
                 16.9611                  9.6062436e-005                       222.12727
                 16.9628                  9.6094534e-005                       221.95339
                 16.9645                  9.6125618e-005                       221.77915
                 16.9662                  9.6155693e-005                       221.60456
                 16.9679                  9.6184763e-005                       221.42962
                 16.9696                  9.6212832e-005                       221.25434
                 16.9713                  9.6239905e-005                       221.07871
                  16.973                  9.6265986e-005                       220.90274
                 16.9747                   9.629108e-005                       220.72643
                 16.9764                  9.6315193e-005                        220.5498
                 16.9781                  9.6338328e-005                       220.37283
                 16.9798                  9.6360492e-005                       220.19554
                 16.9815                  9.6381689e-005                       220.01793
                 16.9832                  9.6401926e-005                       219.83999
                 16.9849                  9.6421208e-005                       219.66174
                 16.9866                  9.6439541e-005                       219.48318
                 16.9883                  9.6456931e-005                       219.30431
                   16.99                  9.6473384e-005                       219.12512
                 16.9917                  9.6488907e-005                       218.94564
                 16.9934                  9.6503507e-005                       218.76585
                 16.9951                  9.6517189e-005                       218.58576
                 16.9968                  9.6529961e-005                       218.40537
                 16.9985                   9.654183e-005                       218.22469
                 17.0002                  9.6552803e-005                       218.04371
                 17.0019                  9.6562888e-005                       217.86245
                 17.0036                  9.6572091e-005                       217.68089
                 17.0053                  9.6580421e-005                       217.49905
                  17.007                  9.6587886e-005                       217.31693
                 17.0087                  9.6594493e-005                       217.13452
                 17.0104                   9.660025e-005                       216.95183
                 17.0121                  9.6605167e-005                       216.76886
                 17.0138                   9.660925e-005                       216.58562
                 17.0155                   9.661251e-005                       216.40209
                 17.0172                  9.6614955e-005                        216.2183
                 17.0189                  9.6616593e-005                       216.03423
                 17.0206                  9.6617434e-005                       215.84988
                 17.0223                  9.6617487e-005                       215.66527
                  17.024                  9.6616762e-005                       215.48038
                 17.0257                  9.6615267e-005                       215.29523
                 17.0274                  9.6613014e-005                        215.1098
                 17.0291                  9.6610011e-005                       214.92411
                 17.0308                  9.6606269e-005                       214.73815
                 17.0325                  9.6601797e-005                       214.55192
                 17.0342                  9.6596608e-005                       214.36543
                 17.0359                  9.6590709e-005                       214.17867
                 17.0376                  9.6584114e-005                       213.99164
                 17.0393                  9.6576832e-005                       213.80434
                  17.041                  9.6568874e-005                       213.61678
                 17.0427                  9.6560252e-005                       213.42895
                 17.0444                  9.6550977e-005                       213.24085
                 17.0461                   9.654106e-005                       213.05249
                 17.0478                  9.6530514e-005                       212.86385
                 17.0495                  9.6519349e-005                       212.67495
                 17.0512                  9.6507578e-005                       212.48578
                 17.0529                  9.6495213e-005                       212.29633
                 17.0546                  9.6482267e-005                       212.10662
                 17.0563                  9.6468752e-005                       211.91662
                  17.058                   9.645468e-005                       211.72636
                 17.0597                  9.6440065e-005                       211.53582
                 17.0614                   9.642492e-005                         211.345
                 17.0631                  9.6409257e-005                        211.1539
                 17.0648                   9.639309e-005                       210.96251
                 17.0665                  9.6376433e-005                       210.77085
                 17.0682                  9.6359299e-005                       210.57889
                 17.0699                  9.6341702e-005                       210.38665
                 17.0716                  9.6323657e-005                       210.19412
                 17.0733                  9.6305177e-005                        210.0013
                  17.075                  9.6286278e-005                       209.80818
                 17.0767                  9.6266973e-005                       209.61475
                 17.0784                  9.6247279e-005                       209.42103
                 17.0801                  9.6227208e-005                         209.227
                 17.0818                  9.6206778e-005                       209.03267
                 17.0835                  9.6186004e-005                       208.83802
                 17.0852                    9.61649e-005                       208.64305
                 17.0869                  9.6143484e-005                       208.44776
                 17.0886                  9.6121771e-005                       208.25215
                 17.0903                  9.6099777e-005                       208.05622
                  17.092                  9.6077519e-005                       207.85995
                 17.0937                  9.6055014e-005                       207.66334
                 17.0954                  9.6032279e-005                       207.46639
                 17.0971                  9.6009331e-005                       207.26909
                 17.0988                  9.5986187e-005                       207.07145
                 17.1005                  9.5962866e-005                       206.87344
                 17.1022                  9.5939384e-005                       206.67508
                 17.1039                  9.5915762e-005                       206.47634
                 17.1056                  9.5892015e-005                       206.27723
                 17.1073                  9.5868165e-005                       206.07775
                  17.109                  9.5844229e-005                       205.87787
                 17.1107                  9.5820228e-005                       205.67761
                 17.1124                  9.5796179e-005                       205.47695
                 17.1141                  9.5772104e-005                       205.27588
                 17.1158                  9.5748023e-005                       205.07439
                 17.1175                  9.5723956e-005                       204.87249
                 17.1192                  9.5699924e-005                       204.67017
                 17.1209                  9.5675948e-005                        204.4674
                 17.1226                   9.565205e-005                        204.2642
                 17.1243                  9.5628251e-005                       204.06055
                  17.126                  9.5604574e-005                       203.85643
                 17.1277                   9.558104e-005                       203.65185
                 17.1294                  9.5557674e-005                        203.4468
                 17.1311                  9.5534498e-005                       203.24126
                 17.1328                  9.5511536e-005                       203.03522
                 17.1345                  9.5488813e-005                       202.82869
                 17.1362                  9.5466352e-005                       202.62164
                 17.1379                  9.5444179e-005                       202.41406
                 17.1396                  9.5422318e-005                       202.20596
                 17.1413                  9.5400797e-005                       201.99731
                  17.143                  9.5379641e-005                        201.7881
                 17.1447                  9.5358877e-005                       201.57833
                 17.1464                  9.5338533e-005                       201.36799
                 17.1481                  9.5318636e-005                       201.15706
                 17.1498                  9.5299215e-005                       200.94552
                 17.1515                  9.5280298e-005                       200.73338
                 17.1532                  9.5261916e-005                       200.52061
                 17.1549                  9.5244098e-005                        200.3072
                 17.1566                  9.5226875e-005                       200.09315
                 17.1583                  9.5210279e-005                       199.87843
                   17.16                  9.5194342e-005                       199.66303
                 17.1617                  9.5179096e-005                       199.44694
                 17.1634                  9.5164574e-005                       199.23015
                 17.1651                  9.5150812e-005                       199.01264
                 17.1668                  9.5137844e-005                       198.79439
                 17.1685                  9.5125705e-005                       198.57539
                 17.1702                  9.5114433e-005                       198.35563
                 17.1719                  9.5104064e-005                       198.13508
                 17.1736                  9.5094637e-005                       197.91374
                 17.1753                  9.5086191e-005                       197.69158
                  17.177                  9.5078766e-005                       197.46859
                 17.1787                  9.5072403e-005                       197.24475
                 17.1804                  9.5067144e-005                       197.02005
                 17.1821                  9.5063033e-005                       196.79445
                 17.1838                  9.5060113e-005                       196.56796
                 17.1855                   9.505843e-005                       196.34053
                 17.1872                  9.5058031e-005                       196.11217
                 17.1889                  9.5058963e-005                       195.88284
                 17.1906                  9.5061275e-005                       195.65253
                 17.1923                  9.5065018e-005                       195.42121
                  17.194                  9.5070242e-005                       195.18887
                 17.1957                  9.5077003e-005                       194.95548
                 17.1974                  9.5085353e-005                       194.72102
                 17.1991                  9.5095349e-005                       194.48546
                 17.2008                   9.510705e-005                       194.24879
                 17.2025                  9.5120514e-005                       194.01097
                 17.2042                  9.5135802e-005                         193.772
                 17.2059                  9.5152977e-005                       193.53183
                 17.2076                  9.5172106e-005                       193.29045
                 17.2093                  9.5193253e-005                       193.04782
                  17.211                  9.5216488e-005                       192.80393
                 17.2127                  9.5241883e-005                       192.55874
                 17.2144                   9.526951e-005                       192.31223
                 17.2161                  9.5299444e-005                       192.06436
                 17.2178                  9.5331765e-005                       191.81512
                 17.2195                  9.5366552e-005                       191.56447
                 17.2212                  9.5403889e-005                       191.31237
                 17.2229                  9.5443862e-005                       191.05881
                 17.2246                  9.5486559e-005                       190.80374
                 17.2263                  9.5532072e-005                       190.54714
                  17.228                  9.5580497e-005                       190.28896
                 17.2297                  9.5631931e-005                       190.02919
                 17.2314                  9.5686477e-005                       189.76778
                 17.2331                  9.5744239e-005                        189.5047
                 17.2348                  9.5805327e-005                       189.23991
                 17.2365                  9.5869853e-005                       188.97338
                 17.2382                  9.5937936e-005                       188.70507
                 17.2399                  9.6009697e-005                       188.43494
                 17.2416                  9.6085261e-005                       188.16295
                 17.2433                  9.6164759e-005                       187.88906
                  17.245                  9.6248328e-005                       187.61324
                 17.2467                  9.6336109e-005                       187.33543
                 17.2484                  9.6428248e-005                        187.0556
                 17.2501                  9.6524897e-005                       186.77371
                 17.2518                  9.6626215e-005                       186.48971
                 17.2535                  9.6732366e-005                       186.20356
                 17.2552                  9.6843523e-005                        185.9152
                 17.2569                  9.6959864e-005                        185.6246
                 17.2586                  9.7081575e-005                       185.33171
                 17.2603                   9.720885e-005                       185.03647
                  17.262                   9.734189e-005                       184.73884
                 17.2637                  9.7480907e-005                       184.43877
                 17.2654                  9.7626121e-005                       184.13621
                 17.2671                   9.777776e-005                        183.8311
                 17.2688                  9.7936065e-005                        183.5234
                 17.2705                  9.8101286e-005                       183.21304
                 17.2722                  9.8273684e-005                       182.89998
                 17.2739                  9.8453534e-005                       182.58415
                 17.2756                  9.8641121e-005                        182.2655
                 17.2773                  9.8836746e-005                       181.94398
                  17.279                  9.9040721e-005                       181.61951
                 17.2807                  9.9253378e-005                       181.29206
                 17.2824                  9.9475059e-005                       180.96154
                 17.2841                  9.9706126e-005                       180.62791
                 17.2858                  9.9946959e-005                        180.2911
                 17.2875                   0.00010019796                       179.95104
                 17.2892                   0.00010045954                       179.60768
                 17.2909                   0.00010073214                       179.26095
                 17.2926                   0.00010101623                       178.91079
                 17.2943                   0.00010131229                       178.55712
                  17.296                   0.00010162084                       178.19988
                 17.2977                   0.00010194241                       177.83901
                 17.2994                   0.00010227758                       177.47444
                 17.3011                   0.00010262694                        177.1061
                 17.3028                   0.00010299113                       176.73393
                 17.3045                   0.00010337081                       176.35785
                 17.3062                   0.00010376671                        175.9778
                 17.3079                   0.00010417956                       175.59371
                 17.3096                   0.00010461015                       175.20551
                 17.3113                   0.00010505934                       174.81315
                  17.313                   0.00010552799                       174.41654
                 17.3147                   0.00010601707                       174.01564
                 17.3164                   0.00010652756                       173.61037
                 17.3181                   0.00010706054                       173.20067
                 17.3198                   0.00010761713                       172.78649
                 17.3215                   0.00010819854                       172.36776
                 17.3232                   0.00010880604                       171.94443
                 17.3249                   0.00010944101                       171.51646
                 17.3266                   0.00011010491                       171.08378
                 17.3283                   0.00011079928                       170.64636
                   17.33                    0.0001115258                       170.20416
                 17.3317                   0.00011228625                       169.75714
                 17.3334                   0.00011308253                       169.30527
                 17.3351                   0.00011391668                       168.84854
                 17.3368                   0.00011479091                       168.38692
                 17.3385                   0.00011570757                       167.92042
                 17.3402                   0.00011666921                       167.44904
                 17.3419                   0.00011767855                       166.97279
                 17.3436                   0.00011873856                       166.49171
                 17.3453                   0.00011985241                       166.00584
                  17.347                   0.00012102356                       165.51523
                 17.3487                   0.00012225573                       165.01996
                 17.3504                   0.00012355299                       164.52013
                 17.3521                   0.00012491972                       164.01586
                 17.3538                   0.00012636072                       163.50729
                 17.3555                    0.0001278812                       162.99459
                 17.3572                   0.00012948686                       162.47796
                 17.3589                   0.00013118394                       161.95766
                 17.3606                   0.00013297925                       161.43394
                 17.3623                   0.00013488031                       160.90715
                  17.364                   0.00013689536                       160.37766
                 17.3657                   0.00013903349                       159.84589
                 17.3674                   0.00014130477                       159.31235
                 17.3691                   0.00014372034                       158.77762
                 17.3708                   0.00014629256                       158.24235
                 17.3725                   0.00014903522                        157.7073
                 17.3742                   0.00015196371                       157.17333
                 17.3759                   0.00015509524                       156.64143
                 17.3776                   0.00015844919                       156.11276
                 17.3793                   0.00016204736                       155.58861
                  17.381                   0.00016591443                       155.07049
                 17.3827                   0.00017007841                       154.56013
                 17.3844                    0.0001745712                       154.05954
                 17.3861                   0.00017942931                       153.57103
                 17.3878                   0.00018469468                        153.0973
                 17.3895                   0.00019041572                       152.64149
                 17.3912                   0.00019664858                       152.20726
                 17.3929                   0.00020345872                       151.79894
                 17.3946                   0.00021092287                       151.42163
                 17.3963                   0.00021913149                       151.08139
                  17.398                   0.00022819187                       150.78547
                 17.3997                   0.00023823213                        150.5426
                 17.4014                   0.00024940623                       150.36339
                 17.4031                   0.00026190054                       150.26081
                 17.4048                   0.00027594228                       150.25087
                 17.4065                   0.00029181057                       150.35358
                 17.4082                   0.00030985066                       150.59416
                 17.4099                   0.00033049254                        151.0048
                 17.4116                   0.00035427448                       151.62711
                 17.4133                   0.00038187213                       152.51556
                  17.415                   0.00041413151                       153.74237
                 17.4167                   0.00045209906                       155.40449
                 17.4184                   0.00049702765                       157.63321
                 17.4201                   0.00055030339                       160.60682
                 17.4218                    0.0006131591                       164.56481
                 17.4235                   0.00068588606                       169.81597
                 17.4252                   0.00076605492                       176.71727
                 17.4269                   0.00084544816                       185.57074
                 17.4286                   0.00090744547                       196.37518
                 17.4303                   0.00093106934                       208.50418
                  17.432                   0.00090553442                       220.70054
                 17.4337                   0.00084068382                       231.66821
                 17.4354                   0.00075767552                       240.70724
                 17.4371                   0.00067385143                       247.76666
                 17.4388                   0.00059791641                        253.1319
                 17.4405                   0.00053244424                       257.16117
                 17.4422                   0.00047710347                       260.17012
                 17.4439                   0.00043056266                       262.40532
                 17.4456                   0.00039133588                       264.05084
                 17.4473                   0.00035808707                       265.24237
                  17.449                   0.00032970548                       266.08009
                 17.4507                    0.0003052967                       266.63868
                 17.4524                   0.00028414904                       266.97444
                 17.4541                   0.00026569735                       267.13043
                 17.4558                    0.0002494915                          267.14
                 17.4575                   0.00023517096                       267.02933
                 17.4592                   0.00022244495                       266.81923
                 17.4609                   0.00021107723                       266.52644
                 17.4626                   0.00020087439                       266.16456
                 17.4643                   0.00019167689                       265.74476
                  17.466                   0.00018335222                       265.27632
                 17.4677                    0.0001757895                       264.76698
                 17.4694                   0.00016889537                       264.22326
                 17.4711                   0.00016259072                        263.6507
                 17.4728                   0.00015680812                       263.05404
                 17.4745                   0.00015148978                       262.43734
                 17.4762                   0.00014658592                       261.80412
                 17.4779                   0.00014205341                       261.15742
                 17.4796                   0.00013785476                       260.49991
                 17.4813                   0.00013395721                       259.83389
                  17.483                   0.00013033201                       259.16143
                 17.4847                   0.00012695385                       258.48429
                 17.4864                   0.00012380036                       257.80408
                 17.4881                    0.0001208517                       257.12217
                 17.4898                   0.00011809021                        256.4398
                 17.4915                   0.00011550012                       255.75806
                 17.4932                   0.00011306732                       255.07791
                 17.4949                   0.00011077914                       254.40021
                 17.4966                   0.00010862419                       253.72571
                 17.4983                   0.00010659218                       253.05507
                    17.5                   0.00010467379                       252.38888

