                        S2(2),1(1)/abs,linear                S2(2),1(1)/arg,degrees
----------------------------------------------------------------------------------------------------------------
                    15.8                   0.00016503473                       109.95598
                 15.8017                   0.00016603541                       109.70304
                 15.8034                   0.00016704539                       109.44908
                 15.8051                   0.00016806475                        109.1941
                 15.8068                   0.00016909361                       108.93807
                 15.8085                   0.00017013207                       108.68098
                 15.8102                   0.00017118023                       108.42282
                 15.8119                    0.0001722382                       108.16356
                 15.8136                   0.00017330607                       107.90319
                 15.8153                   0.00017438397                        107.6417
                  15.817                     0.000175472                       107.37907
                 15.8187                   0.00017657025                       107.11528
                 15.8204                   0.00017767886                       106.85031
                 15.8221                   0.00017879792                       106.58415
                 15.8238                   0.00017992755                       106.31677
                 15.8255                   0.00018106786                       106.04817
                 15.8272                   0.00018221896                       105.77832
                 15.8289                   0.00018338097                        105.5072
                 15.8306                   0.00018455401                        105.2348
                 15.8323                   0.00018573819                       104.96109
                  15.834                   0.00018693362                       104.68606
                 15.8357                   0.00018814044                       104.40968
                 15.8374                   0.00018935874                       104.13194
                 15.8391                   0.00019058867                       103.85281
                 15.8408                   0.00019183032                       103.57227
                 15.8425                   0.00019308384                       103.29031
                 15.8442                   0.00019434933                        103.0069
                 15.8459                   0.00019562693                       102.72202
                 15.8476                   0.00019691675                       102.43564
                 15.8493                   0.00019821892                       102.14775
                  15.851                   0.00019953357                       101.85832
                 15.8527                   0.00020086081                       101.56733
                 15.8544                   0.00020220078                       101.27475
                 15.8561                    0.0002035536                       100.98056
                 15.8578                    0.0002049194                       100.68474
                 15.8595                    0.0002062983                       100.38727
                 15.8612                   0.00020769044                        100.0881
                 15.8629                   0.00020909593                       99.787235
                 15.8646                   0.00021051491                       99.484631
                 15.8663                   0.00021194751                       99.180267
                  15.868                   0.00021339385                       98.874117
                 15.8697                   0.00021485405                       98.566152
                 15.8714                   0.00021632826                       98.256347
                 15.8731                   0.00021781659                       97.944673
                 15.8748                   0.00021931916                       97.631103
                 15.8765                   0.00022083612                       97.315608
                 15.8782                   0.00022236758                       96.998159
                 15.8799                   0.00022391367                       96.678728
                 15.8816                   0.00022547451                       96.357284
                 15.8833                   0.00022705023                       96.033798
                  15.885                   0.00022864094                       95.708238
                 15.8867                   0.00023024678                       95.380576
                 15.8884                   0.00023186785                       95.050778
                 15.8901                   0.00023350429                       94.718815
                 15.8918                   0.00023515619                       94.384653
                 15.8935                   0.00023682369                        94.04826
                 15.8952                    0.0002385069                       93.709604
                 15.8969                   0.00024020592                       93.368652
                 15.8986                   0.00024192086                       93.025369
                 15.9003                   0.00024365183                       92.679723
                  15.902                   0.00024539894                       92.331678
                 15.9037                   0.00024716228                         91.9812
                 15.9054                   0.00024894196                       91.628254
                 15.9071                   0.00025073806                       91.272804
                 15.9088                   0.00025255067                       90.914815
                 15.9105                   0.00025437989                        90.55425
                 15.9122                    0.0002562258                       90.191073
                 15.9139                   0.00025808847                       89.825247
                 15.9156                   0.00025996797                       89.456735
                 15.9173                   0.00026186438                       89.085499
                  15.919                   0.00026377776                         88.7115
                 15.9207                   0.00026570817                       88.334702
                 15.9224                   0.00026765565                       87.955066
                 15.9241                   0.00026962025                       87.572551
                 15.9258                   0.00027160202                       87.187121
                 15.9275                   0.00027360097                       86.798734
                 15.9292                   0.00027561713                       86.407353
                 15.9309                   0.00027765053                       86.012936
                 15.9326                   0.00027970116                       85.615444
                 15.9343                   0.00028176903                       85.214837
                  15.936                   0.00028385412                       84.811074
                 15.9377                   0.00028595641                       84.404115
                 15.9394                   0.00028807587                        83.99392
                 15.9411                   0.00029021247                       83.580447
                 15.9428                   0.00029236615                       83.163656
                 15.9445                   0.00029453684                       82.743506
                 15.9462                   0.00029672447                       82.319957
                 15.9479                   0.00029892894                       81.892967
                 15.9496                   0.00030115017                       81.462497
                 15.9513                   0.00030338802                       81.028505
                  15.953                   0.00030564237                       80.590951
                 15.9547                   0.00030791307                       80.149795
                 15.9564                   0.00031019996                       79.704997
                 15.9581                   0.00031250287                       79.256517
                 15.9598                   0.00031482159                       78.804317
                 15.9615                   0.00031715591                       78.348356
                 15.9632                    0.0003195056                       77.888597
                 15.9649                   0.00032187042                       77.425002
                 15.9666                   0.00032425009                       76.957532
                 15.9683                   0.00032664431                       76.486152
                   15.97                   0.00032905279                       76.010824
                 15.9717                   0.00033147519                       75.531514
                 15.9734                   0.00033391114                       75.048186
                 15.9751                   0.00033636028                       74.560808
                 15.9768                    0.0003388222                       74.069345
                 15.9785                   0.00034129647                       73.573767
                 15.9802                   0.00034378264                       73.074043
                 15.9819                   0.00034628024                       72.570142
                 15.9836                   0.00034878875                       72.062037
                 15.9853                   0.00035130766                       71.549702
                  15.987                   0.00035383639                       71.033109
                 15.9887                   0.00035637438                       70.512236
                 15.9904                   0.00035892099                       69.987061
                 15.9921                   0.00036147558                       69.457562
                 15.9938                   0.00036403748                       68.923721
                 15.9955                   0.00036660599                       68.385522
                 15.9972                   0.00036918038                       67.842948
                 15.9989                   0.00037175986                       67.295989
                 16.0006                   0.00037434365                       66.744634
                 16.0023                   0.00037693093                       66.188874
                  16.004                   0.00037952082                       65.628704
                 16.0057                   0.00038211244                       65.064121
                 16.0074                   0.00038470486                       64.495125
                 16.0091                   0.00038729713                       63.921718
                 16.0108                   0.00038988826                       63.343906
                 16.0125                   0.00039247723                       62.761697
                 16.0142                   0.00039506299                       62.175103
                 16.0159                   0.00039764446                       61.584138
                 16.0176                   0.00040022054                       60.988821
                 16.0193                   0.00040279007                       60.389173
                  16.021                   0.00040535189                        59.78522
                 16.0227                    0.0004079048                        59.17699
                 16.0244                   0.00041044758                       58.564516
                 16.0261                   0.00041297897                       57.947835
                 16.0278                    0.0004154977                       57.326986
                 16.0295                   0.00041800247                       56.702014
                 16.0312                   0.00042049194                       56.072967
                 16.0329                   0.00042296479                       55.439899
                 16.0346                   0.00042541964                       54.802867
                 16.0363                   0.00042785512                        54.16193
                  16.038                   0.00043026983                       53.517156
                 16.0397                   0.00043266236                       52.868615
                 16.0414                   0.00043503128                        52.21638
                 16.0431                   0.00043737518                        51.56053
                 16.0448                   0.00043969262                        50.90115
                 16.0465                   0.00044198215                       50.238328
                 16.0482                   0.00044424233                       49.572155
                 16.0499                   0.00044647174                       48.902729
                 16.0516                   0.00044866892                       48.230152
                 16.0533                   0.00045083245                        47.55453
                  16.055                   0.00045296093                       46.875972
                 16.0567                   0.00045505293                       46.194594
                 16.0584                   0.00045710708                       45.510515
                 16.0601                   0.00045912201                       44.823858
                 16.0618                   0.00046109637                        44.13475
                 16.0635                   0.00046302885                       43.443323
                 16.0652                   0.00046491815                       42.749712
                 16.0669                   0.00046676302                       42.054056
                 16.0686                   0.00046856224                       41.356498
                 16.0703                   0.00047031462                       40.657183
                  16.072                   0.00047201904                       39.956262
                 16.0737                   0.00047367438                       39.253885
                 16.0754                   0.00047527961                        38.55021
                 16.0771                   0.00047683373                       37.845393
                 16.0788                    0.0004783358                       37.139595
                 16.0805                   0.00047978493                        36.43298
                 16.0822                   0.00048118028                       35.725711
                 16.0839                   0.00048252111                       35.017956
                 16.0856                   0.00048380669                       34.309884
                 16.0873                   0.00048503638                       33.601662
                  16.089                   0.00048620963                       32.893463
                 16.0907                   0.00048732591                       32.185457
                 16.0924                   0.00048838479                       31.477817
                 16.0941                   0.00048938591                       30.770715
                 16.0958                   0.00049032897                       30.064323
                 16.0975                   0.00049121375                       29.358813
                 16.0992                   0.00049204009                       28.654358
                 16.1009                   0.00049280791                       27.951127
                 16.1026                   0.00049351722                       27.249291
                 16.1043                   0.00049416806                       26.549017
                  16.106                   0.00049476058                       25.850474
                 16.1077                   0.00049529499                       25.153826
                 16.1094                   0.00049577155                       24.459237
                 16.1111                   0.00049619062                       23.766867
                 16.1128                    0.0004965526                       23.076876
                 16.1145                   0.00049685797                       22.389418
                 16.1162                   0.00049710727                       21.704647
                 16.1179                   0.00049730111                       21.022712
                 16.1196                   0.00049744014                       20.343761
                 16.1213                   0.00049752508                       19.667937
                  16.123                    0.0004975567                        18.99538
                 16.1247                   0.00049753584                       18.326224
                 16.1264                   0.00049746337                       17.660603
                 16.1281                    0.0004973402                       16.998644
                 16.1298                   0.00049716732                       16.340472
                 16.1315                   0.00049694572                       15.686206
                 16.1332                   0.00049667646                       15.035962
                 16.1349                   0.00049636062                       14.389851
                 16.1366                   0.00049599932                        13.74798
                 16.1383                   0.00049559371                       13.110451
                   16.14                   0.00049514495                       12.477363
                 16.1417                   0.00049465426                       11.848807
                 16.1434                   0.00049412286                       11.224874
                 16.1451                   0.00049355197                       10.605647
                 16.1468                   0.00049294287                       9.9912068
                 16.1485                   0.00049229682                       9.3816277
                 16.1502                   0.00049161509                       8.7769809
                 16.1519                   0.00049089899                       8.1773325
                 16.1536                    0.0004901498                       7.5827445
                 16.1553                   0.00048936882                       6.9932744
                  16.157                   0.00048855735                       6.4089755
                 16.1587                   0.00048771669                       5.8298968
                 16.1604                   0.00048684814                       5.2560832
                 16.1621                   0.00048595298                       4.6875754
                 16.1638                   0.00048503251                       4.1244103
                 16.1655                   0.00048408799                       3.5666207
                 16.1672                   0.00048312069                       3.0142356
                 16.1689                   0.00048213186                       2.4672805
                 16.1706                   0.00048112275                       1.9257769
                 16.1723                   0.00048009457                       1.3897431
                  16.174                   0.00047904855                       0.8591939
                 16.1757                   0.00047798587                      0.33414064
                 16.1774                   0.00047690771                       359.81459
                 16.1791                   0.00047581522                       359.30055
                 16.1808                   0.00047470955                       358.79202
                 16.1825                    0.0004735918                       358.28901
                 16.1842                   0.00047246309                       357.79149
                 16.1859                   0.00047132447                       357.29948
                 16.1876                   0.00047017701                       356.81297
                 16.1893                   0.00046902174                       356.33193
                  16.191                   0.00046785967                       355.85636
                 16.1927                   0.00046669178                       355.38624
                 16.1944                   0.00046551903                       354.92155
                 16.1961                   0.00046434237                       354.46228
                 16.1978                   0.00046316272                       354.00839
                 16.1995                   0.00046198096                       353.55988
                 16.2012                   0.00046079798                        353.1167
                 16.2029                   0.00045961462                       352.67884
                 16.2046                    0.0004584317                       352.24626
                 16.2063                   0.00045725004                       351.81893
                  16.208                   0.00045607041                       351.39682
                 16.2097                   0.00045489358                       350.97991
                 16.2114                   0.00045372028                       350.56814
                 16.2131                   0.00045255124                       350.16149
                 16.2148                   0.00045138715                       349.75992
                 16.2165                   0.00045022868                       349.36339
                 16.2182                   0.00044907651                       348.97186
                 16.2199                   0.00044793125                        348.5853
                 16.2216                   0.00044679354                       348.20365
                 16.2233                   0.00044566398                       347.82688
                  16.225                   0.00044454313                       347.45495
                 16.2267                   0.00044343158                       347.08781
                 16.2284                   0.00044232987                       346.72541
                 16.2301                   0.00044123853                       346.36772
                 16.2318                   0.00044015807                       346.01468
                 16.2335                     0.000439089                       345.66625
                 16.2352                    0.0004380318                       345.32239
                 16.2369                   0.00043698693                       344.98304
                 16.2386                   0.00043595486                       344.64816
                 16.2403                   0.00043493603                        344.3177
                  16.242                   0.00043393087                       343.99161
                 16.2437                   0.00043293979                       343.66984
                 16.2454                    0.0004319632                       343.35235
                 16.2471                   0.00043100149                       343.03907
                 16.2488                   0.00043005505                       342.72997
                 16.2505                   0.00042912424                         342.425
                 16.2522                   0.00042820944                       342.12409
                 16.2539                   0.00042731098                        341.8272
                 16.2556                   0.00042642922                       341.53428
                 16.2573                   0.00042556448                       341.24528
                  16.259                    0.0004247171                       340.96014
                 16.2607                   0.00042388739                       340.67882
                 16.2624                   0.00042307566                       340.40126
                 16.2641                   0.00042228222                        340.1274
                 16.2658                   0.00042150736                        339.8572
                 16.2675                   0.00042075137                        339.5906
                 16.2692                   0.00042001453                       339.32754
                 16.2709                   0.00041929713                       339.06798
                 16.2726                   0.00041859945                       338.81186
                 16.2743                   0.00041792174                       338.55913
                  16.276                   0.00041726427                       338.30973
                 16.2777                   0.00041662731                        338.0636
                 16.2794                    0.0004160111                       337.82069
                 16.2811                   0.00041541591                       337.58095
                 16.2828                   0.00041484198                       337.34432
                 16.2845                   0.00041428956                       337.11074
                 16.2862                   0.00041375889                       336.88016
                 16.2879                   0.00041325022                       336.65252
                 16.2896                   0.00041276378                       336.42777
                 16.2913                   0.00041229982                       336.20584
                  16.293                   0.00041185856                       335.98668
                 16.2947                   0.00041144024                       335.77023
                 16.2964                    0.0004110451                       335.55643
                 16.2981                   0.00041067337                       335.34522
                 16.2998                   0.00041032527                       335.13655
                 16.3015                   0.00041000105                       334.93034
                 16.3032                   0.00040970093                       334.72656
                 16.3049                   0.00040942514                       334.52512
                 16.3066                   0.00040917391                       334.32597
                 16.3083                   0.00040894747                       334.12906
                   16.31                   0.00040874605                        333.9343
                 16.3117                   0.00040856988                       333.74166
                 16.3134                    0.0004084192                       333.55105
                 16.3151                   0.00040829423                       333.36241
                 16.3168                   0.00040819521                       333.17569
                 16.3185                   0.00040812237                       332.99082
                 16.3202                   0.00040807595                       332.80772
                 16.3219                   0.00040805618                       332.62634
                 16.3236                   0.00040806329                        332.4466
                 16.3253                   0.00040809753                       332.26844
                  16.327                   0.00040815913                       332.09179
                 16.3287                   0.00040824833                       331.91658
                 16.3304                   0.00040836538                       331.74273
                 16.3321                   0.00040851051                       331.57019
                 16.3338                   0.00040868397                       331.39887
                 16.3355                   0.00040888601                       331.22871
                 16.3372                   0.00040911686                       331.05963
                 16.3389                   0.00040937678                       330.89156
                 16.3406                   0.00040966602                       330.72442
                 16.3423                   0.00040998483                       330.55814
                  16.344                   0.00041033345                       330.39263
                 16.3457                   0.00041071214                       330.22783
                 16.3474                   0.00041112115                       330.06365
                 16.3491                   0.00041156074                       329.90002
                 16.3508                   0.00041203116                       329.73686
                 16.3525                   0.00041253267                       329.57408
                 16.3542                   0.00041306551                        329.4116
                 16.3559                   0.00041362996                       329.24934
                 16.3576                   0.00041422626                       329.08722
                 16.3593                   0.00041485468                       328.92515
                  16.361                   0.00041551547                       328.76304
                 16.3627                   0.00041620888                       328.60082
                 16.3644                   0.00041693518                       328.43839
                 16.3661                   0.00041769461                       328.27566
                 16.3678                   0.00041848744                       328.11254
                 16.3695                   0.00041931392                       327.94896
                 16.3712                   0.00042017429                        327.7848
                 16.3729                   0.00042106882                       327.61999
                 16.3746                   0.00042199774                       327.45442
                 16.3763                    0.0004229613                       327.28802
                  16.378                   0.00042395976                       327.12067
                 16.3797                   0.00042499333                       326.95229
                 16.3814                   0.00042606228                       326.78277
                 16.3831                   0.00042716681                       326.61203
                 16.3848                   0.00042830717                       326.43996
                 16.3865                   0.00042948357                       326.26647
                 16.3882                   0.00043069624                       326.09145
                 16.3899                   0.00043194538                       325.91481
                 16.3916                   0.00043323121                       325.73643
                 16.3933                   0.00043455391                       325.55624
                  16.395                   0.00043591367                       325.37411
                 16.3967                   0.00043731069                       325.18994
                 16.3984                   0.00043874514                       325.00364
                 16.4001                   0.00044021717                        324.8151
                 16.4018                   0.00044172695                       324.62421
                 16.4035                    0.0004432746                       324.43087
                 16.4052                   0.00044486028                       324.23496
                 16.4069                   0.00044648408                        324.0364
                 16.4086                   0.00044814612                       323.83506
                 16.4103                   0.00044984649                       323.63084
                  16.412                   0.00045158526                       323.42364
                 16.4137                   0.00045336249                       323.21334
                 16.4154                   0.00045517822                       322.99985
                 16.4171                   0.00045703248                       322.78304
                 16.4188                   0.00045892527                       322.56282
                 16.4205                   0.00046085657                       322.33907
                 16.4222                   0.00046282634                       322.11169
                 16.4239                   0.00046483453                       321.88057
                 16.4256                   0.00046688105                        321.6456
                 16.4273                   0.00046896579                       321.40668
                  16.429                   0.00047108862                        321.1637
                 16.4307                   0.00047324938                       320.91656
                 16.4324                   0.00047544787                       320.66514
                 16.4341                   0.00047768387                       320.40935
                 16.4358                   0.00047995713                       320.14908
                 16.4375                   0.00048226738                       319.88423
                 16.4392                   0.00048461428                       319.61469
                 16.4409                   0.00048699748                       319.34037
                 16.4426                    0.0004894166                       319.06117
                 16.4443                   0.00049187119                       318.77699
                  16.446                   0.00049436081                       318.48773
                 16.4477                   0.00049688492                        318.1933
                 16.4494                   0.00049944299                        317.8936
                 16.4511                   0.00050203441                       317.58854
                 16.4528                   0.00050465855                       317.27805
                 16.4545                    0.0005073147                       316.96202
                 16.4562                   0.00051000215                       316.64037
                 16.4579                   0.00051272009                       316.31302
                 16.4596                   0.00051546769                        315.9799
                 16.4613                   0.00051824407                       315.64093
                  16.463                   0.00052104829                       315.29603
                 16.4647                   0.00052387933                       314.94513
                 16.4664                   0.00052673616                       314.58817
                 16.4681                   0.00052961767                       314.22508
                 16.4698                   0.00053252268                        313.8558
                 16.4715                   0.00053544999                       313.48028
                 16.4732                    0.0005383983                       313.09846
                 16.4749                   0.00054136627                        312.7103
                 16.4766                   0.00054435251                       312.31576
                 16.4783                   0.00054735555                       311.91479
                   16.48                   0.00055037388                       311.50736
                 16.4817                   0.00055340591                       311.09344
                 16.4834                   0.00055645001                       310.67301
                 16.4851                   0.00055950448                       310.24605
                 16.4868                   0.00056256757                       309.81255
                 16.4885                   0.00056563745                       309.37249
                 16.4902                   0.00056871226                       308.92588
                 16.4919                   0.00057179008                       308.47271
                 16.4936                   0.00057486893                       308.01301
                 16.4953                   0.00057794677                       307.54678
                  16.497                   0.00058102153                       307.07404
                 16.4987                   0.00058409108                       306.59484
                 16.5004                   0.00058715326                       306.10919
                 16.5021                   0.00059020584                       305.61714
                 16.5038                   0.00059324658                       305.11875
                 16.5055                    0.0005962732                       304.61407
                 16.5072                   0.00059928337                       304.10315
                 16.5089                   0.00060227476                       303.58607
                 16.5106                   0.00060524499                       303.06291
                 16.5123                   0.00060819169                       302.53374
                  16.514                   0.00061111245                       301.99866
                 16.5157                   0.00061400486                       301.45776
                 16.5174                   0.00061686652                       300.91116
                 16.5191                   0.00061969502                       300.35895
                 16.5208                   0.00062248795                       299.80126
                 16.5225                   0.00062524293                       299.23821
                 16.5242                   0.00062795759                       298.66993
                 16.5259                   0.00063062959                       298.09657
                 16.5276                    0.0006332566                       297.51825
                 16.5293                   0.00063583637                       296.93513
                  16.531                   0.00063836664                       296.34738
                 16.5327                   0.00064084526                       295.75514
                 16.5344                   0.00064327007                       295.15858
                 16.5361                   0.00064563903                       294.55788
                 16.5378                   0.00064795013                       293.95321
                 16.5395                   0.00065020145                       293.34476
                 16.5412                   0.00065239114                        292.7327
                 16.5429                   0.00065451744                       292.11723
                 16.5446                   0.00065657868                       291.49854
                 16.5463                   0.00065857328                       290.87682
                  16.548                   0.00066049975                       290.25228
                 16.5497                   0.00066235672                       289.62512
                 16.5514                   0.00066414293                       288.99553
                 16.5531                   0.00066585719                       288.36373
                 16.5548                   0.00066749847                       287.72992
                 16.5565                   0.00066906584                        287.0943
                 16.5582                   0.00067055847                       286.45709
                 16.5599                   0.00067197566                       285.81848
                 16.5616                   0.00067331684                        285.1787
                 16.5633                   0.00067458156                       284.53794
                  16.565                   0.00067576947                       283.89641
                 16.5667                   0.00067688035                       283.25432
                 16.5684                   0.00067791413                       282.61186
                 16.5701                   0.00067887081                       281.96923
                 16.5718                   0.00067975054                       281.32664
                 16.5735                   0.00068055358                       280.68428
                 16.5752                    0.0006812803                       280.04233
                 16.5769                   0.00068193118                       279.40098
                 16.5786                    0.0006825068                       278.76042
                 16.5803                   0.00068300786                       278.12083
                  16.582                   0.00068343515                       277.48237
                 16.5837                   0.00068378956                       276.84523
                 16.5854                   0.00068407207                       276.20956
                 16.5871                   0.00068428374                       275.57552
                 16.5888                   0.00068442573                       274.94327
                 16.5905                   0.00068449925                       274.31296
                 16.5922                   0.00068450562                       273.68473
                 16.5939                   0.00068444619                       273.05871
                 16.5956                   0.00068432239                       272.43505
                 16.5973                   0.00068413572                       271.81387
                  16.599                   0.00068388771                       271.19528
                 16.6007                   0.00068357994                        270.5794
                 16.6024                   0.00068321405                       269.96634
                 16.6041                   0.00068279169                        269.3562
                 16.6058                   0.00068231456                       268.74908
                 16.6075                   0.00068178439                       268.14507
                 16.6092                   0.00068120291                       267.54424
                 16.6109                   0.00068057189                       266.94669
                 16.6126                    0.0006798931                       266.35249
                 16.6143                   0.00067916833                       265.76169
                  16.616                   0.00067839936                       265.17436
                 16.6177                   0.00067758797                       264.59057
                 16.6194                   0.00067673596                       264.01035
                 16.6211                    0.0006758451                       263.43375
                 16.6228                   0.00067491716                       262.86082
                 16.6245                   0.00067395388                       262.29159
                 16.6262                   0.00067295702                       261.72609
                 16.6279                   0.00067192829                       261.16434
                 16.6296                   0.00067086938                       260.60637
                 16.6313                   0.00066978198                       260.05219
                  16.633                   0.00066866772                       259.50183
                 16.6347                   0.00066752823                       258.95527
                 16.6364                   0.00066636511                       258.41254
                 16.6381                   0.00066517991                       257.87362
                 16.6398                   0.00066397416                       257.33853
                 16.6415                   0.00066274935                       256.80725
                 16.6432                   0.00066150695                       256.27977
                 16.6449                   0.00066024838                       255.75608
                 16.6466                   0.00065897503                       255.23616
                 16.6483                   0.00065768826                          254.72
                   16.65                   0.00065638937                       254.20758
                 16.6517                   0.00065507965                       253.69887
                 16.6534                   0.00065376034                       253.19385
                 16.6551                   0.00065243263                       252.69249
                 16.6568                   0.00065109771                       252.19475
                 16.6585                   0.00064975668                       251.70062
                 16.6602                   0.00064841065                       251.21005
                 16.6619                   0.00064706067                       250.72301
                 16.6636                   0.00064570776                       250.23945
                 16.6653                   0.00064435289                       249.75936
                  16.667                   0.00064299702                       249.28267
                 16.6687                   0.00064164104                       248.80936
                 16.6704                   0.00064028584                       248.33939
                 16.6721                   0.00063893226                       247.87269
                 16.6738                    0.0006375811                       247.40925
                 16.6755                   0.00063623315                         246.949
                 16.6772                   0.00063488913                       246.49191
                 16.6789                   0.00063354977                       246.03792
                 16.6806                   0.00063221574                         245.587
                 16.6823                    0.0006308877                       245.13909
                  16.684                   0.00062956627                       244.69414
                 16.6857                   0.00062825205                       244.25212
                 16.6874                   0.00062694559                       243.81296
                 16.6891                   0.00062564744                       243.37663
                 16.6908                   0.00062435811                       242.94307
                 16.6925                    0.0006230781                       242.51223
                 16.6942                   0.00062180787                       242.08407
                 16.6959                   0.00062054785                       241.65853
                 16.6976                   0.00061929848                       241.23557
                 16.6993                   0.00061806014                       240.81514
                  16.701                   0.00061683321                       240.39719
                 16.7027                   0.00061561805                       239.98167
                 16.7044                     0.000614415                       239.56854
                 16.7061                   0.00061322436                       239.15774
                 16.7078                   0.00061204644                       238.74922
                 16.7095                   0.00061088153                       238.34295
                 16.7112                   0.00060972987                       237.93887
                 16.7129                   0.00060859173                       237.53693
                 16.7146                   0.00060746734                       237.13709
                 16.7163                   0.00060635691                        236.7393
                  16.718                   0.00060526064                       236.34352
                 16.7197                   0.00060417873                        235.9497
                 16.7214                   0.00060311136                        235.5578
                 16.7231                   0.00060205868                       235.16776
                 16.7248                   0.00060102085                       234.77955
                 16.7265                     0.000599998                       234.39313
                 16.7282                   0.00059899028                       234.00844
                 16.7299                   0.00059799779                       233.62545
                 16.7316                   0.00059702065                       233.24412
                 16.7333                   0.00059605895                       232.86439
                  16.735                   0.00059511279                       232.48624
                 16.7367                   0.00059418224                       232.10962
                 16.7384                   0.00059326738                       231.73448
                 16.7401                   0.00059236828                        231.3608
                 16.7418                   0.00059148499                       230.98852
                 16.7435                   0.00059061755                       230.61762
                 16.7452                   0.00058976603                       230.24805
                 16.7469                   0.00058893045                       229.87977
                 16.7486                   0.00058811084                       229.51275
                 16.7503                   0.00058730723                       229.14695
                  16.752                   0.00058651964                       228.78234
                 16.7537                   0.00058574809                       228.41887
                 16.7554                   0.00058499257                       228.05651
                 16.7571                   0.00058425311                       227.69523
                 16.7588                   0.00058352969                         227.335
                 16.7605                   0.00058282232                       226.97577
                 16.7622                   0.00058213099                       226.61752
                 16.7639                   0.00058145568                       226.26021
                 16.7656                   0.00058079638                       225.90381
                 16.7673                   0.00058015308                       225.54829
                  16.769                   0.00057952575                       225.19361
                 16.7707                   0.00057891437                       224.83975
                 16.7724                    0.0005783189                       224.48668
                 16.7741                   0.00057773933                       224.13435
                 16.7758                   0.00057717562                       223.78276
                 16.7775                   0.00057662774                       223.43185
                 16.7792                   0.00057609565                       223.08162
                 16.7809                   0.00057557931                       222.73202
                 16.7826                   0.00057507868                       222.38302
                 16.7843                   0.00057459372                       222.03462
                  16.786                   0.00057412439                       221.68676
                 16.7877                   0.00057367065                       221.33943
                 16.7894                   0.00057323244                       220.99261
                 16.7911                   0.00057280972                       220.64626
                 16.7928                   0.00057240245                       220.30035
                 16.7945                   0.00057201057                       219.95487
                 16.7962                   0.00057163404                        219.6098
                 16.7979                   0.00057127279                       219.26509
                 16.7996                   0.00057092679                       218.92074
                 16.8013                   0.00057059598                       218.57671
                  16.803                    0.0005702803                       218.23298
                 16.8047                    0.0005699797                       217.88954
                 16.8064                   0.00056969413                       217.54635
                 16.8081                   0.00056942354                        217.2034
                 16.8098                   0.00056916786                       216.86065
                 16.8115                   0.00056892705                        216.5181
                 16.8132                   0.00056870104                       216.17572
                 16.8149                   0.00056848979                       215.83349
                 16.8166                   0.00056829323                       215.49138
                 16.8183                   0.00056811131                       215.14938
                   16.82                   0.00056794397                       214.80747
                 16.8217                   0.00056779116                       214.46562
                 16.8234                   0.00056765282                       214.12382
                 16.8251                    0.0005675289                       213.78204
                 16.8268                   0.00056741933                       213.44027
                 16.8285                   0.00056732406                        213.0985
                 16.8302                   0.00056724304                       212.75669
                 16.8319                   0.00056717621                       212.41483
                 16.8336                    0.0005671235                       212.07291
                 16.8353                   0.00056708488                       211.73091
                  16.837                   0.00056706027                        211.3888
                 16.8387                   0.00056704963                       211.04657
                 16.8404                    0.0005670529                       210.70421
                 16.8421                   0.00056707002                       210.36169
                 16.8438                   0.00056710093                       210.01901
                 16.8455                   0.00056714559                       209.67614
                 16.8472                   0.00056720394                       209.33306
                 16.8489                   0.00056727592                       208.98977
                 16.8506                   0.00056736147                       208.64625
                 16.8523                   0.00056746055                       208.30247
                  16.854                   0.00056757309                       207.95843
                 16.8557                   0.00056769905                       207.61411
                 16.8574                   0.00056783837                        207.2695
                 16.8591                   0.00056799099                       206.92457
                 16.8608                   0.00056815687                       206.57932
                 16.8625                   0.00056833594                       206.23374
                 16.8642                   0.00056852816                        205.8878
                 16.8659                   0.00056873347                       205.54149
                 16.8676                   0.00056895182                        205.1948
                 16.8693                   0.00056918315                       204.84772
                  16.871                   0.00056942742                       204.50023
                 16.8727                   0.00056968456                       204.15232
                 16.8744                   0.00056995453                       203.80397
                 16.8761                   0.00057023727                       203.45518
                 16.8778                   0.00057053274                       203.10592
                 16.8795                   0.00057084087                        202.7562
                 16.8812                   0.00057116161                       202.40598
                 16.8829                   0.00057149492                       202.05528
                 16.8846                   0.00057184073                       201.70406
                 16.8863                   0.00057219901                       201.35232
                  16.888                   0.00057256968                       201.00004
                 16.8897                   0.00057295271                       200.64722
                 16.8914                   0.00057334803                       200.29385
                 16.8931                   0.00057375559                        199.9399
                 16.8948                   0.00057417535                       199.58538
                 16.8965                   0.00057460725                       199.23027
                 16.8982                   0.00057505122                       198.87455
                 16.8999                   0.00057550723                       198.51822
                 16.9016                   0.00057597521                       198.16127
                 16.9033                   0.00057645511                       197.80369
                  16.905                   0.00057694688                       197.44546
                 16.9067                   0.00057745046                       197.08657
                 16.9084                   0.00057796579                       196.72702
                 16.9101                   0.00057849282                        196.3668
                 16.9118                    0.0005790315                       196.00589
                 16.9135                   0.00057958176                       195.64429
                 16.9152                   0.00058014356                       195.28198
                 16.9169                   0.00058071682                       194.91896
                 16.9186                    0.0005813015                       194.55522
                 16.9203                   0.00058189754                       194.19074
                  16.922                   0.00058250487                       193.82552
                 16.9237                   0.00058312344                       193.45956
                 16.9254                   0.00058375318                       193.09283
                 16.9271                   0.00058439404                       192.72533
                 16.9288                   0.00058504596                       192.35706
                 16.9305                   0.00058570886                         191.988
                 16.9322                    0.0005863827                       191.61815
                 16.9339                    0.0005870674                       191.24749
                 16.9356                    0.0005877629                       190.87603
                 16.9373                   0.00058846913                       190.50375
                  16.939                   0.00058918603                       190.13064
                 16.9407                   0.00058991354                       189.75669
                 16.9424                   0.00059065157                       189.38191
                 16.9441                   0.00059140007                       189.00627
                 16.9458                   0.00059215896                       188.62978
                 16.9475                   0.00059292817                       188.25243
                 16.9492                   0.00059370763                        187.8742
                 16.9509                   0.00059449727                       187.49509
                 16.9526                   0.00059529701                        187.1151
                 16.9543                   0.00059610677                       186.73422
                  16.956                   0.00059692648                       186.35244
                 16.9577                   0.00059775607                       185.96975
                 16.9594                   0.00059859544                       185.58616
                 16.9611                   0.00059944452                       185.20164
                 16.9628                   0.00060030324                        184.8162
                 16.9645                   0.00060117149                       184.42983
                 16.9662                   0.00060204921                       184.04253
                 16.9679                    0.0006029363                       183.65428
                 16.9696                   0.00060383267                       183.26509
                 16.9713                   0.00060473824                       182.87494
                  16.973                   0.00060565291                       182.48383
                 16.9747                    0.0006065766                       182.09177
                 16.9764                   0.00060750921                       181.69873
                 16.9781                   0.00060845064                       181.30472
                 16.9798                    0.0006094008                       180.90973
                 16.9815                   0.00061035958                       180.51376
                 16.9832                   0.00061132689                        180.1168
                 16.9849                   0.00061230262                       179.71886
                 16.9866                   0.00061328667                       179.31991
                 16.9883                   0.00061427893                       178.91997
                   16.99                    0.0006152793                       178.51902
                 16.9917                   0.00061628766                       178.11707
                 16.9934                   0.00061730391                        177.7141
                 16.9951                   0.00061832792                       177.31013
                 16.9968                   0.00061935959                       176.90513
                 16.9985                   0.00062039879                       176.49912
                 17.0002                   0.00062144541                       176.09208
                 17.0019                   0.00062249933                       175.68401
                 17.0036                   0.00062356041                       175.27492
                 17.0053                   0.00062462854                        174.8648
                  17.007                   0.00062570359                       174.45364
                 17.0087                   0.00062678542                       174.04145
                 17.0104                    0.0006278739                       173.62823
                 17.0121                    0.0006289689                       173.21396
                 17.0138                   0.00063007029                       172.79866
                 17.0155                   0.00063117791                       172.38232
                 17.0172                   0.00063229164                       171.96493
                 17.0189                   0.00063341133                        171.5465
                 17.0206                   0.00063453683                       171.12703
                 17.0223                     0.000635668                       170.70651
                  17.024                   0.00063680468                       170.28495
                 17.0257                   0.00063794672                       169.86235
                 17.0274                   0.00063909396                        169.4387
                 17.0291                   0.00064024626                       169.01401
                 17.0308                   0.00064140344                       168.58828
                 17.0325                   0.00064256536                        168.1615
                 17.0342                   0.00064373184                       167.73369
                 17.0359                   0.00064490271                       167.30483
                 17.0376                   0.00064607781                       166.87494
                 17.0393                   0.00064725697                       166.44401
                  17.041                   0.00064844002                       166.01205
                 17.0427                   0.00064962677                       165.57905
                 17.0444                   0.00065081705                       165.14503
                 17.0461                   0.00065201068                       164.70997
                 17.0478                   0.00065320748                        164.2739
                 17.0495                   0.00065440726                        163.8368
                 17.0512                   0.00065560984                       163.39869
                 17.0529                   0.00065681502                       162.95956
                 17.0546                   0.00065802261                       162.51942
                 17.0563                   0.00065923243                       162.07828
                  17.058                   0.00066044427                       161.63614
                 17.0597                   0.00066165793                         161.193
                 17.0614                   0.00066287323                       160.74887
                 17.0631                   0.00066408994                       160.30375
                 17.0648                   0.00066530788                       159.85766
                 17.0665                   0.00066652683                       159.41059
                 17.0682                   0.00066774659                       158.96255
                 17.0699                   0.00066896695                       158.51354
                 17.0716                   0.00067018769                       158.06359
                 17.0733                    0.0006714086                       157.61268
                  17.075                   0.00067262946                       157.16084
                 17.0767                   0.00067385007                       156.70806
                 17.0784                   0.00067507019                       156.25435
                 17.0801                   0.00067628962                       155.79973
                 17.0818                   0.00067750812                       155.34419
                 17.0835                   0.00067872549                       154.88776
                 17.0852                   0.00067994148                       154.43043
                 17.0869                   0.00068115588                       153.97222
                 17.0886                   0.00068236845                       153.51314
                 17.0903                   0.00068357898                        153.0532
                  17.092                   0.00068478723                        152.5924
                 17.0937                   0.00068599297                       152.13076
                 17.0954                   0.00068719597                       151.66829
                 17.0971                     0.000688396                         151.205
                 17.0988                   0.00068959282                       150.74089
                 17.1005                   0.00069078621                       150.27599
                 17.1022                   0.00069197592                       149.81031
                 17.1039                   0.00069316174                       149.34385
                 17.1056                   0.00069434341                       148.87663
                 17.1073                    0.0006955207                       148.40866
                  17.109                   0.00069669339                       147.93996
                 17.1107                   0.00069786124                       147.47054
                 17.1124                     0.000699024                        147.0004
                 17.1141                   0.00070018145                       146.52958
                 17.1158                   0.00070133335                       146.05807
                 17.1175                   0.00070247947                        145.5859
                 17.1192                   0.00070361958                       145.11309
                 17.1209                   0.00070475343                       144.63963
                 17.1226                   0.00070588081                       144.16556
                 17.1243                   0.00070700147                       143.69088
                  17.126                   0.00070811519                       143.21562
                 17.1277                   0.00070922174                       142.73979
                 17.1294                   0.00071032089                        142.2634
                 17.1311                   0.00071141242                       141.78648
                 17.1328                   0.00071249609                       141.30903
                 17.1345                   0.00071357169                       140.83108
                 17.1362                     0.000714639                       140.35265
                 17.1379                   0.00071569779                       139.87375
                 17.1396                   0.00071674785                       139.39441
                 17.1413                   0.00071778896                       138.91463
                  17.143                    0.0007188209                       138.43444
                 17.1447                   0.00071984348                       137.95386
                 17.1464                   0.00072085647                       137.47291
                 17.1481                   0.00072185968                        136.9916
                 17.1498                   0.00072285289                       136.50996
                 17.1515                   0.00072383591                         136.028
                 17.1532                   0.00072480855                       135.54575
                 17.1549                    0.0007257706                       135.06323
                 17.1566                   0.00072672188                       134.58045
                 17.1583                    0.0007276622                       134.09745
                   17.16                   0.00072859137                       133.61423
                 17.1617                   0.00072950922                       133.13082
                 17.1634                   0.00073041556                       132.64724
                 17.1651                   0.00073131023                       132.16351
                 17.1668                   0.00073219305                       131.67966
                 17.1685                   0.00073306387                        131.1957
                 17.1702                   0.00073392251                       130.71167
                 17.1719                   0.00073476883                       130.22757
                 17.1736                   0.00073560266                       129.74343
                 17.1753                   0.00073642387                       129.25928
                  17.177                   0.00073723231                       128.77514
                 17.1787                   0.00073802784                       128.29102
                 17.1804                   0.00073881032                       127.80696
                 17.1821                   0.00073957964                       127.32298
                 17.1838                   0.00074033565                       126.83909
                 17.1855                   0.00074107825                       126.35532
                 17.1872                   0.00074180732                        125.8717
                 17.1889                   0.00074252275                       125.38825
                 17.1906                   0.00074322443                       124.90498
                 17.1923                   0.00074391227                       124.42193
                  17.194                   0.00074458617                       123.93912
                 17.1957                   0.00074524605                       123.45657
                 17.1974                   0.00074589182                        122.9743
                 17.1991                    0.0007465234                       122.49234
                 17.2008                   0.00074714072                       122.01071
                 17.2025                   0.00074774372                       121.52943
                 17.2042                   0.00074833234                       121.04853
                 17.2059                   0.00074890651                       120.56803
                 17.2076                   0.00074946619                       120.08795
                 17.2093                   0.00075001134                       119.60833
                  17.211                   0.00075054191                       119.12917
                 17.2127                   0.00075105787                        118.6505
                 17.2144                    0.0007515592                       118.17235
                 17.2161                   0.00075204587                       117.69474
                 17.2178                   0.00075251787                       117.21769
                 17.2195                   0.00075297518                       116.74123
                 17.2212                    0.0007534178                       116.26538
                 17.2229                   0.00075384573                       115.79015
                 17.2246                   0.00075425898                       115.31558
                 17.2263                   0.00075465755                       114.84168
                  17.228                   0.00075504147                       114.36848
                 17.2297                   0.00075541075                       113.89601
                 17.2314                   0.00075576543                       113.42427
                 17.2331                   0.00075610553                       112.95329
                 17.2348                    0.0007564311                       112.48311
                 17.2365                   0.00075674217                       112.01372
                 17.2382                    0.0007570388                       111.54517
                 17.2399                   0.00075732104                       111.07747
                 17.2416                   0.00075758894                       110.61063
                 17.2433                   0.00075784258                       110.14469
                  17.245                   0.00075808202                       109.67965
                 17.2467                   0.00075830733                       109.21555
                 17.2484                   0.00075851859                       108.75241
                 17.2501                   0.00075871588                       108.29023
                 17.2518                   0.00075889929                       107.82904
                 17.2535                   0.00075906892                       107.36887
                 17.2552                   0.00075922486                       106.90973
                 17.2569                    0.0007593672                       106.45163
                 17.2586                   0.00075949605                       105.99461
                 17.2603                   0.00075961153                       105.53867
                  17.262                   0.00075971375                       105.08383
                 17.2637                   0.00075980281                       104.63012
                 17.2654                   0.00075987884                       104.17755
                 17.2671                   0.00075994197                       103.72614
                 17.2688                   0.00075999233                        103.2759
                 17.2705                   0.00076003003                       102.82686
                 17.2722                   0.00076005523                       102.37902
                 17.2739                   0.00076006805                       101.93241
                 17.2756                   0.00076006864                       101.48704
                 17.2773                   0.00076005714                       101.04293
                  17.279                   0.00076003369                       100.60009
                 17.2807                   0.00075999846                       100.15854
                 17.2824                   0.00075995158                       99.718287
                 17.2841                   0.00075989322                       99.279356
                 17.2858                   0.00075982353                       98.841757
                 17.2875                   0.00075974267                       98.405504
                 17.2892                   0.00075965081                       97.970611
                 17.2909                   0.00075954811                       97.537092
                 17.2926                   0.00075943472                       97.104959
                 17.2943                   0.00075931084                       96.674225
                  17.296                   0.00075917661                       96.244904
                 17.2977                   0.00075903221                       95.817006
                 17.2994                   0.00075887783                       95.390545
                 17.3011                   0.00075871362                       94.965532
                 17.3028                   0.00075853977                       94.541978
                 17.3045                   0.00075835645                       94.119895
                 17.3062                   0.00075816385                       93.699293
                 17.3079                   0.00075796214                       93.280182
                 17.3096                    0.0007577515                       92.862574
                 17.3113                   0.00075753211                       92.446477
                  17.313                   0.00075730416                       92.031901
                 17.3147                   0.00075706783                       91.618857
                 17.3164                   0.00075682329                       91.207352
                 17.3181                   0.00075657074                       90.797396
                 17.3198                   0.00075631036                       90.388997
                 17.3215                   0.00075604232                       89.982162
                 17.3232                   0.00075576683                       89.576901
                 17.3249                   0.00075548405                       89.173221
                 17.3266                   0.00075519417                       88.771128
                 17.3283                   0.00075489739                        88.37063
                   17.33                   0.00075459387                       87.971734
                 17.3317                   0.00075428382                       87.574446
                 17.3334                    0.0007539674                       87.178773
                 17.3351                    0.0007536448                        86.78472
                 17.3368                    0.0007533162                       86.392293
                 17.3385                    0.0007529818                       86.001498
                 17.3402                   0.00075264176                       85.612339
                 17.3419                   0.00075229626                       85.224822
                 17.3436                    0.0007519455                       84.838952
                 17.3453                   0.00075158964                       84.454732
                  17.347                   0.00075122887                       84.072167
                 17.3487                   0.00075086336                        83.69126
                 17.3504                   0.00075049329                       83.312017
                 17.3521                   0.00075011883                       82.934439
                 17.3538                   0.00074974015                        82.55853
                 17.3555                   0.00074935744                       82.184294
                 17.3572                   0.00074897086                       81.811732
                 17.3589                   0.00074858058                       81.440848
                 17.3606                   0.00074818678                       81.071644
                 17.3623                   0.00074778961                       80.704122
                  17.364                   0.00074738924                       80.338284
                 17.3657                   0.00074698585                       79.974131
                 17.3674                   0.00074657959                       79.611665
                 17.3691                   0.00074617063                       79.250888
                 17.3708                   0.00074575912                         78.8918
                 17.3725                   0.00074534523                       78.534402
                 17.3742                   0.00074492911                       78.178696
                 17.3759                   0.00074451092                       77.824681
                 17.3776                   0.00074409081                       77.472358
                 17.3793                   0.00074366894                       77.121727
                  17.381                   0.00074324545                       76.772788
                 17.3827                    0.0007428205                       76.425542
                 17.3844                   0.00074239423                       76.079987
                 17.3861                   0.00074196679                       75.736123
                 17.3878                   0.00074153832                       75.393949
                 17.3895                   0.00074110897                       75.053465
                 17.3912                   0.00074067887                        74.71467
                 17.3929                   0.00074024816                       74.377562
                 17.3946                   0.00073981698                       74.042141
                 17.3963                   0.00073938547                       73.708405
                  17.398                   0.00073895376                       73.376351
                 17.3997                   0.00073852198                        73.04598
                 17.4014                   0.00073809026                       72.717288
                 17.4031                   0.00073765872                       72.390275
                 17.4048                    0.0007372275                       72.064937
                 17.4065                   0.00073679672                       71.741273
                 17.4082                   0.00073636649                        71.41928
                 17.4099                   0.00073593695                       71.098956
                 17.4116                   0.00073550821                       70.780298
                 17.4133                   0.00073508038                       70.463305
                  17.415                   0.00073465359                       70.147972
                 17.4167                   0.00073422794                       69.834298
                 17.4184                   0.00073380354                       69.522279
                 17.4201                   0.00073338052                       69.211912
                 17.4218                   0.00073295896                       68.903194
                 17.4235                   0.00073253899                       68.596122
                 17.4252                    0.0007321207                       68.290693
                 17.4269                    0.0007317042                       67.986903
                 17.4286                   0.00073128959                       67.684748
                 17.4303                   0.00073087696                       67.384226
                  17.432                   0.00073046642                       67.085332
                 17.4337                   0.00073005806                       66.788064
                 17.4354                   0.00072965198                       66.492416
                 17.4371                   0.00072924826                       66.198385
                 17.4388                   0.00072884701                       65.905968
                 17.4405                   0.00072844829                        65.61516
                 17.4422                   0.00072805222                       65.325958
                 17.4439                   0.00072765886                       65.038357
                 17.4456                   0.00072726831                       64.752353
                 17.4473                   0.00072688065                       64.467942
                  17.449                   0.00072649595                       64.185119
                 17.4507                   0.00072611431                       63.903881
                 17.4524                   0.00072573578                       63.624223
                 17.4541                   0.00072536047                       63.346141
                 17.4558                   0.00072498842                        63.06963
                 17.4575                   0.00072461973                       62.794686
                 17.4592                   0.00072425446                       62.521305
                 17.4609                   0.00072389269                       62.249481
                 17.4626                   0.00072353448                        61.97921
                 17.4643                   0.00072317989                       61.710488
                  17.466                   0.00072282901                        61.44331
                 17.4677                   0.00072248188                       61.177672
                 17.4694                   0.00072213858                       60.913568
                 17.4711                   0.00072179917                       60.650994
                 17.4728                    0.0007214637                       60.389946
                 17.4745                   0.00072113224                       60.130418
                 17.4762                   0.00072080485                       59.872406
                 17.4779                   0.00072048158                       59.615904
                 17.4796                   0.00072016248                       59.360909
                 17.4813                   0.00071984762                       59.107416
                  17.483                   0.00071953705                       58.855419
                 17.4847                   0.00071923081                       58.604914
                 17.4864                   0.00071892897                       58.355895
                 17.4881                   0.00071863156                       58.108359
                 17.4898                   0.00071833864                         57.8623
                 17.4915                   0.00071805025                       57.617713
                 17.4932                   0.00071776644                       57.374594
                 17.4949                   0.00071748726                       57.132937
                 17.4966                   0.00071721275                       56.892738
                 17.4983                   0.00071694296                       56.653992
                    17.5                   0.00071667792                       56.416694

