                        S1(1),1(1)/abs,linear                S1(1),1(1)/arg,degrees
----------------------------------------------------------------------------------------------------------------
                    11.5                      0.64366883                       301.73418
                  11.503                      0.63485376                       301.31976
                  11.506                       0.6264908                       300.91026
                  11.509                      0.61853847                       300.50497
                  11.512                      0.61096031                       300.10331
                  11.515                      0.60372416                       299.70478
                  11.518                      0.59680153                       299.30897
                  11.521                      0.59016712                       298.91553
                  11.524                      0.58379838                       298.52417
                  11.527                      0.57767513                       298.13462
                   11.53                      0.57177927                       297.74667
                  11.533                      0.56609453                       297.36015
                  11.536                      0.56060621                       296.97488
                  11.539                      0.55530106                       296.59073
                  11.542                      0.55016702                        296.2076
                  11.545                      0.54519316                       295.82537
                  11.548                      0.54036951                       295.44397
                  11.551                      0.53568698                       295.06331
                  11.554                      0.53113723                       294.68333
                  11.557                      0.52671265                       294.30397
                   11.56                      0.52240623                       293.92519
                  11.563                      0.51821151                       293.54695
                  11.566                      0.51412256                       293.16919
                  11.569                      0.51013389                       292.79191
                  11.572                      0.50624041                       292.41505
                  11.575                      0.50243743                        292.0386
                  11.578                      0.49872057                       291.66255
                  11.581                      0.49508578                       291.28686
                  11.584                      0.49152928                       290.91151
                  11.587                      0.48804755                       290.53651
                   11.59                      0.48463731                       290.16182
                  11.593                      0.48129547                       289.78745
                  11.596                      0.47801917                       289.41337
                  11.599                      0.47480572                       289.03959
                  11.602                      0.47165258                       288.66608
                  11.605                      0.46855738                       288.29285
                  11.608                      0.46551789                       287.91988
                  11.611                        0.462532                       287.54718
                  11.614                      0.45959774                       287.17472
                  11.617                      0.45671324                       286.80251
                   11.62                      0.45387672                       286.43055
                  11.623                      0.45108653                       286.05882
                  11.626                      0.44834107                       285.68733
                  11.629                      0.44563887                       285.31607
                  11.632                      0.44297848                       284.94503
                  11.635                      0.44035858                       284.57422
                  11.638                      0.43777788                       284.20363
                  11.641                      0.43523516                       283.83325
                  11.644                      0.43272927                       283.46308
                  11.647                       0.4302591                       283.09312
                   11.65                      0.42782362                       282.72336
                  11.653                      0.42542181                       282.35381
                  11.656                      0.42305271                       281.98446
                  11.659                      0.42071543                       281.61531
                  11.662                      0.41840908                       281.24635
                  11.665                      0.41613284                       280.87759
                  11.668                      0.41388589                       280.50901
                  11.671                      0.41166748                       280.14062
                  11.674                      0.40947687                       279.77241
                  11.677                      0.40731337                       279.40438
                   11.68                      0.40517628                       279.03653
                  11.683                      0.40306498                       278.66886
                  11.686                      0.40097883                       278.30136
                  11.689                      0.39891723                       277.93403
                  11.692                      0.39687961                       277.56687
                  11.695                      0.39486541                       277.19987
                  11.698                      0.39287411                       276.83304
                  11.701                      0.39090518                       276.46637
                  11.704                      0.38895812                       276.09985
                  11.707                      0.38703247                       275.73349
                   11.71                      0.38512776                       275.36728
                  11.713                      0.38324354                       275.00122
                  11.716                      0.38137938                       274.63531
                  11.719                      0.37953487                       274.26954
                  11.722                      0.37770959                       273.90391
                  11.725                      0.37590318                       273.53843
                  11.728                      0.37411523                       273.17308
                  11.731                       0.3723454                       272.80786
                  11.734                      0.37059333                       272.44278
                  11.737                      0.36885867                       272.07782
                   11.74                       0.3671411                       271.71299
                  11.743                      0.36544029                       271.34829
                  11.746                      0.36375592                        270.9837
                  11.749                       0.3620877                       270.61924
                  11.752                      0.36043533                       270.25489
                  11.755                      0.35879853                       269.89065
                  11.758                      0.35717701                       269.52653
                  11.761                      0.35557051                       269.16251
                  11.764                      0.35397877                        268.7986
                  11.767                      0.35240153                        268.4348
                   11.77                      0.35083853                       268.07109
                  11.773                      0.34928955                       267.70749
                  11.776                      0.34775433                       267.34398
                  11.779                      0.34623267                       266.98056
                  11.782                      0.34472432                       266.61724
                  11.785                      0.34322908                         266.254
                  11.788                      0.34174673                       265.89085
                  11.791                      0.34027706                       265.52778
                  11.794                      0.33881988                        265.1648
                  11.797                      0.33737498                       264.80189
                    11.8                      0.33594217                       264.43906
                  11.803                      0.33452128                       264.07631
                  11.806                       0.3331121                       263.71362
                  11.809                      0.33171448                       263.35101
                  11.812                      0.33032822                       262.98846
                  11.815                      0.32895316                       262.62598
                  11.818                      0.32758914                       262.26356
                  11.821                      0.32623599                        261.9012
                  11.824                      0.32489355                        261.5389
                  11.827                      0.32356167                       261.17666
                   11.83                      0.32224019                       260.81447
                  11.833                      0.32092896                       260.45233
                  11.836                      0.31962785                       260.09024
                  11.839                       0.3183367                       259.72819
                  11.842                      0.31705537                       259.36619
                  11.845                      0.31578374                       259.00423
                  11.848                      0.31452166                       258.64232
                  11.851                      0.31326901                       258.28044
                  11.854                      0.31202565                        257.9186
                  11.857                      0.31079147                       257.55679
                   11.86                      0.30956633                       257.19501
                  11.863                      0.30835012                       256.83326
                  11.866                      0.30714271                       256.47154
                  11.869                        0.305944                       256.10984
                  11.872                      0.30475386                       255.74817
                  11.875                      0.30357219                       255.38652
                  11.878                      0.30239888                       255.02489
                  11.881                      0.30123381                       254.66328
                  11.884                      0.30007688                       254.30168
                  11.887                        0.298928                       253.94009
                   11.89                      0.29778705                       253.57852
                  11.893                      0.29665393                       253.21696
                  11.896                      0.29552856                        252.8554
                  11.899                      0.29441083                       252.49385
                  11.902                      0.29330064                        252.1323
                  11.905                      0.29219791                       251.77075
                  11.908                      0.29110255                       251.40921
                  11.911                      0.29001445                       251.04766
                  11.914                      0.28893355                       250.68611
                  11.917                      0.28785974                       250.32455
                   11.92                      0.28679294                       249.96298
                  11.923                      0.28573307                       249.60141
                  11.926                      0.28468006                       249.23982
                  11.929                       0.2836338                       248.87823
                  11.932                      0.28259424                       248.51661
                  11.935                      0.28156128                       248.15498
                  11.938                      0.28053486                       247.79333
                  11.941                      0.27951489                       247.43166
                  11.944                       0.2785013                       247.06997
                  11.947                      0.27749401                       246.70826
                   11.95                      0.27649297                       246.34652
                  11.953                      0.27549809                       245.98475
                  11.956                       0.2745093                       245.62296
                  11.959                      0.27352654                       245.26113
                  11.962                      0.27254973                       244.89928
                  11.965                      0.27157882                       244.53739
                  11.968                      0.27061373                       244.17546
                  11.971                       0.2696544                        243.8135
                  11.974                      0.26870077                        243.4515
                  11.977                      0.26775277                       243.08945
                   11.98                      0.26681035                       242.72737
                  11.983                      0.26587343                       242.36524
                  11.986                      0.26494197                       242.00307
                  11.989                       0.2640159                       241.64085
                  11.992                      0.26309516                       241.27859
                  11.995                       0.2621797                       240.91627
                  11.998                      0.26126946                       240.55391
                  12.001                      0.26036439                       240.19149
                  12.004                      0.25946442                       239.82901
                  12.007                      0.25856951                       239.46648
                   12.01                       0.2576796                       239.10389
                  12.013                      0.25679464                       238.74125
                  12.016                      0.25591457                       238.37854
                  12.019                      0.25503935                       238.01578
                  12.022                      0.25416893                       237.65294
                  12.025                      0.25330325                       237.29005
                  12.028                      0.25244227                       236.92709
                  12.031                      0.25158594                       236.56406
                  12.034                      0.25073421                       236.20096
                  12.037                      0.24988703                       235.83779
                   12.04                      0.24904435                       235.47455
                  12.043                      0.24820614                       235.11123
                  12.046                      0.24737234                       234.74784
                  12.049                      0.24654292                       234.38438
                  12.052                      0.24571782                       234.02083
                  12.055                        0.244897                       233.65721
                  12.058                      0.24408043                        233.2935
                  12.061                      0.24326805                       232.92972
                  12.064                      0.24245983                       232.56585
                  12.067                      0.24165573                        232.2019
                   12.07                       0.2408557                       231.83786
                  12.073                       0.2400597                       231.47373
                  12.076                       0.2392677                       231.10951
                  12.079                      0.23847965                       230.74521
                  12.082                      0.23769552                       230.38081
                  12.085                      0.23691527                       230.01632
                  12.088                      0.23613886                       229.65173
                  12.091                      0.23536625                       229.28705
                  12.094                      0.23459741                       228.92228
                  12.097                       0.2338323                        228.5574
                    12.1                      0.23307089                       228.19242
                  12.103                      0.23231313                       227.82735
                  12.106                        0.231559                       227.46217
                  12.109                      0.23080846                       227.09689
                  12.112                      0.23006147                        226.7315
                  12.115                      0.22931801                         226.366
                  12.118                      0.22857803                        226.0004
                  12.121                      0.22784151                       225.63469
                  12.124                      0.22710841                       225.26887
                  12.127                      0.22637871                       224.90294
                   12.13                      0.22565236                       224.53689
                  12.133                      0.22492934                       224.17073
                  12.136                      0.22420962                       223.80445
                  12.139                      0.22349316                       223.43806
                  12.142                      0.22277994                       223.07155
                  12.145                      0.22206993                       222.70492
                  12.148                      0.22136309                       222.33816
                  12.151                       0.2206594                       221.97129
                  12.154                      0.21995883                       221.60429
                  12.157                      0.21926134                       221.23717
                   12.16                      0.21856692                       220.86992
                  12.163                      0.21787553                       220.50255
                  12.166                      0.21718715                       220.13504
                  12.169                      0.21650175                       219.76741
                  12.172                       0.2158193                       219.39964
                  12.175                      0.21513978                       219.03174
                  12.178                      0.21446315                       218.66371
                  12.181                       0.2137894                       218.29554
                  12.184                      0.21311849                       217.92724
                  12.187                      0.21245041                       217.55879
                   12.19                      0.21178512                       217.19021
                  12.193                       0.2111226                       216.82149
                  12.196                      0.21046283                       216.45262
                  12.199                      0.20980579                       216.08361
                  12.202                      0.20915144                       215.71446
                  12.205                      0.20849977                       215.34516
                  12.208                      0.20785075                       214.97572
                  12.211                      0.20720435                       214.60612
                  12.214                      0.20656056                       214.23638
                  12.217                      0.20591936                       213.86648
                   12.22                      0.20528071                       213.49644
                  12.223                       0.2046446                       213.12623
                  12.226                      0.20401101                       212.75588
                  12.229                      0.20337991                       212.38536
                  12.232                      0.20275128                       212.01469
                  12.235                       0.2021251                       211.64386
                  12.238                      0.20150135                       211.27287
                  12.241                      0.20088001                       210.90171
                  12.244                      0.20026106                        210.5304
                  12.247                      0.19964448                       210.15892
                   12.25                      0.19903024                       209.78727
                  12.253                      0.19841833                       209.41545
                  12.256                      0.19780873                       209.04347
                  12.259                      0.19720142                       208.67131
                  12.262                      0.19659637                       208.29898
                  12.265                      0.19599357                       207.92648
                  12.268                      0.19539301                       207.55381
                  12.271                      0.19479465                       207.18096
                  12.274                      0.19419849                       206.80793
                  12.277                      0.19360451                       206.43473
                   12.28                      0.19301268                       206.06134
                  12.283                      0.19242299                       205.68777
                  12.286                      0.19183542                       205.31402
                  12.289                      0.19124995                       204.94008
                  12.292                      0.19066657                       204.56596
                  12.295                      0.19008525                       204.19165
                  12.298                      0.18950599                       203.81716
                  12.301                      0.18892876                       203.44247
                  12.304                      0.18835355                       203.06759
                  12.307                      0.18778035                       202.69251
                   12.31                      0.18720912                       202.31725
                  12.313                      0.18663986                       201.94178
                  12.316                      0.18607256                       201.56612
                  12.319                      0.18550719                       201.19026
                  12.322                      0.18494375                       200.81419
                  12.325                      0.18438221                       200.43793
                  12.328                      0.18382255                       200.06146
                  12.331                      0.18326478                       199.68479
                  12.334                      0.18270886                        199.3079
                  12.337                      0.18215479                       198.93081
                   12.34                      0.18160254                       198.55351
                  12.343                      0.18105211                         198.176
                  12.346                      0.18050349                       197.79828
                  12.349                      0.17995664                       197.42034
                  12.352                      0.17941157                       197.04218
                  12.355                      0.17886826                       196.66381
                  12.358                      0.17832669                       196.28521
                  12.361                      0.17778685                        195.9064
                  12.364                      0.17724873                       195.52736
                  12.367                      0.17671231                       195.14809
                   12.37                      0.17617758                        194.7686
                  12.373                      0.17564453                       194.38889
                  12.376                      0.17511314                       194.00894
                  12.379                       0.1745834                       193.62876
                  12.382                       0.1740553                       193.24835
                  12.385                      0.17352882                        192.8677
                  12.388                      0.17300395                       192.48682
                  12.391                      0.17248069                       192.10569
                  12.394                      0.17195901                       191.72433
                  12.397                       0.1714389                       191.34273
                    12.4                      0.17092036                       190.96088
                  12.403                      0.17040337                       190.57879
                  12.406                      0.16988792                       190.19645
                  12.409                      0.16937399                       189.81386
                  12.412                      0.16886158                       189.43102
                  12.415                      0.16835068                       189.04793
                  12.418                      0.16784127                       188.66458
                  12.421                      0.16733333                       188.28097
                  12.424                      0.16682687                       187.89711
                  12.427                      0.16632187                       187.51299
                   12.43                      0.16581832                       187.12861
                  12.433                       0.1653162                       186.74396
                  12.436                      0.16481551                       186.35904
                  12.439                      0.16431624                       185.97386
                  12.442                      0.16381837                       185.58841
                  12.445                       0.1633219                       185.20269
                  12.448                      0.16282681                       184.81669
                  12.451                      0.16233309                       184.43042
                  12.454                      0.16184074                       184.04387
                  12.457                      0.16134975                       183.65704
                   12.46                      0.16086009                       183.26992
                  12.463                      0.16037178                       182.88253
                  12.466                      0.15988479                       182.49484
                  12.469                      0.15939911                       182.10687
                  12.472                      0.15891474                       181.71861
                  12.475                      0.15843166                       181.33006
                  12.478                      0.15794987                       180.94121
                  12.481                      0.15746936                       180.55207
                  12.484                      0.15699012                       180.16263
                  12.487                      0.15651214                       179.77288
                   12.49                       0.1560354                       179.38283
                  12.493                      0.15555991                       178.99248
                  12.496                      0.15508566                       178.60182
                  12.499                      0.15461262                       178.21085
                  12.502                       0.1541408                       177.81957
                  12.505                      0.15367019                       177.42797
                  12.508                      0.15320078                       177.03606
                  12.511                      0.15273256                       176.64383
                  12.514                      0.15226551                       176.25127
                  12.517                      0.15179965                       175.85839
                   12.52                      0.15133494                       175.46519
                  12.523                       0.1508714                       175.07165
                  12.526                      0.15040901                       174.67779
                  12.529                      0.14994775                       174.28359
                  12.532                      0.14948763                       173.88906
                  12.535                      0.14902864                       173.49419
                  12.538                      0.14857077                       173.09897
                  12.541                        0.148114                       172.70341
                  12.544                      0.14765834                       172.30751
                  12.547                      0.14720378                       171.91126
                   12.55                       0.1467503                       171.51466
                  12.553                      0.14629791                        171.1177
                  12.556                      0.14584659                       170.72039
                  12.559                      0.14539634                       170.32271
                  12.562                      0.14494715                       169.92468
                  12.565                      0.14449902                       169.52628
                  12.568                      0.14405193                       169.12751
                  12.571                      0.14360588                       168.72837
                  12.574                      0.14316086                       168.32886
                  12.577                      0.14271687                       167.92898
                   12.58                       0.1422739                       167.52872
                  12.583                      0.14183194                       167.12807
                  12.586                      0.14139099                       166.72704
                  12.589                      0.14095104                       166.32562
                  12.592                      0.14051209                       165.92382
                  12.595                      0.14007412                       165.52162
                  12.598                      0.13963714                       165.11902
                  12.601                      0.13920113                       164.71603
                  12.604                      0.13876609                       164.31263
                  12.607                      0.13833202                       163.90883
                   12.61                       0.1378989                       163.50462
                  12.613                      0.13746674                           163.1
                  12.616                      0.13703552                       162.69496
                  12.619                      0.13660525                       162.28951
                  12.622                      0.13617591                       161.88364
                  12.625                       0.1357475                       161.47734
                  12.628                      0.13532001                       161.07062
                  12.631                      0.13489345                       160.66346
                  12.634                      0.13446779                       160.25587
                  12.637                      0.13404305                       159.84785
                   12.64                      0.13361921                       159.43938
                  12.643                      0.13319627                       159.03047
                  12.646                      0.13277422                       158.62111
                  12.649                      0.13235305                        158.2113
                  12.652                      0.13193278                       157.80104
                  12.655                      0.13151337                       157.39032
                  12.658                      0.13109485                       156.97914
                  12.661                      0.13067719                       156.56749
                  12.664                      0.13026039                       156.15538
                  12.667                      0.12984446                       155.74279
                   12.67                      0.12942938                       155.32973
                  12.673                      0.12901514                       154.91619
                  12.676                      0.12860176                       154.50216
                  12.679                      0.12818921                       154.08765
                  12.682                      0.12777751                       153.67265
                  12.685                      0.12736663                       153.25715
                  12.688                      0.12695658                       152.84115
                  12.691                      0.12654736                       152.42465
                  12.694                      0.12613896                       152.00765
                  12.697                      0.12573137                       151.59013
                    12.7                       0.1253246                        151.1721
                  12.703                      0.12491863                       150.75355
                  12.706                      0.12451347                       150.33448
                  12.709                      0.12410911                       149.91488
                  12.712                      0.12370555                       149.49475
                  12.715                      0.12330278                       149.07408
                  12.718                      0.12290079                       148.65287
                  12.721                       0.1224996                       148.23113
                  12.724                      0.12209919                       147.80883
                  12.727                      0.12169955                       147.38598
                   12.73                      0.12130069                       146.96257
                  12.733                      0.12090261                        146.5386
                  12.736                      0.12050529                       146.11407
                  12.739                      0.12010874                       145.68896
                  12.742                      0.11971295                       145.26328
                  12.745                      0.11931792                       144.83702
                  12.748                      0.11892365                       144.41017
                  12.751                      0.11853013                       143.98274
                  12.754                      0.11813736                       143.55471
                  12.757                      0.11774534                       143.12608
                   12.76                      0.11735406                       142.69685
                  12.763                      0.11696353                       142.26701
                  12.766                      0.11657373                       141.83656
                  12.769                      0.11618468                       141.40548
                  12.772                      0.11579635                       140.97379
                  12.775                      0.11540876                       140.54146
                  12.778                       0.1150219                        140.1085
                  12.781                      0.11463577                        139.6749
                  12.784                      0.11425036                       139.24066
                  12.787                      0.11386567                       138.80577
                   12.79                       0.1134817                       138.37022
                  12.793                      0.11309845                       137.93401
                  12.796                      0.11271592                       137.49713
                  12.799                       0.1123341                       137.05959
                  12.802                      0.11195299                       136.62136
                  12.805                       0.1115726                       136.18245
                  12.808                      0.11119291                       135.74286
                  12.811                      0.11081393                       135.30257
                  12.814                      0.11043565                       134.86158
                  12.817                      0.11005807                       134.41988
                   12.82                       0.1096812                       133.97747
                  12.823                      0.10930503                       133.53435
                  12.826                      0.10892955                        133.0905
                  12.829                      0.10855477                       132.64592
                  12.832                      0.10818069                        132.2006
                  12.835                       0.1078073                       131.75454
                  12.838                      0.10743461                       131.30773
                  12.841                      0.10706261                       130.86017
                  12.844                      0.10669129                       130.41184
                  12.847                      0.10632067                       129.96275
                   12.85                      0.10595074                       129.51288
                  12.853                      0.10558149                       129.06223
                  12.856                      0.10521294                        128.6108
                  12.859                      0.10484506                       128.15857
                  12.862                      0.10447788                       127.70554
                  12.865                      0.10411137                        127.2517
                  12.868                      0.10374556                       126.79704
                  12.871                      0.10338042                       126.34156
                  12.874                      0.10301597                       125.88526
                  12.877                       0.1026522                       125.42811
                   12.88                      0.10228912                       124.97013
                  12.883                      0.10192671                       124.51129
                  12.886                      0.10156499                       124.05159
                  12.889                      0.10120395                       123.59103
                  12.892                       0.1008436                        123.1296
                  12.895                      0.10048392                       122.66728
                  12.898                      0.10012493                       122.20408
                  12.901                     0.099766616                       121.73998
                  12.904                     0.099408988                       121.27497
                  12.907                     0.099052041                       120.80906
                   12.91                     0.098695778                       120.34222
                  12.913                     0.098340198                       119.87446
                  12.916                     0.097985302                       119.40576
                  12.919                     0.097631091                       118.93611
                  12.922                     0.097277565                       118.46552
                  12.925                     0.096924725                       117.99396
                  12.928                     0.096572571                       117.52143
                  12.931                     0.096221106                       117.04793
                  12.934                     0.095870328                       116.57344
                  12.937                     0.095520241                       116.09795
                   12.94                     0.095170844                       115.62146
                  12.943                      0.09482214                       115.14395
                  12.946                     0.094474128                       114.66543
                  12.949                     0.094126811                       114.18587
                  12.952                      0.09378019                       113.70527
                  12.955                     0.093434267                       113.22362
                  12.958                     0.093089043                       112.74092
                  12.961                      0.09274452                       112.25714
                  12.964                     0.092400699                       111.77229
                  12.967                     0.092057583                       111.28635
                   12.97                     0.091715173                       110.79931
                  12.973                     0.091373471                       110.31117
                  12.976                      0.09103248                       109.82191
                  12.979                     0.090692202                       109.33152
                  12.982                     0.090352639                       108.83999
                  12.985                     0.090013793                       108.34732
                  12.988                     0.089675667                       107.85349
                  12.991                     0.089338263                       107.35849
                  12.994                     0.089001585                       106.86231
                  12.997                     0.088665634                       106.36495
                      13                     0.088330414                       105.86638
                  13.003                     0.087995927                       105.36661
                  13.006                     0.087662177                       104.86561
                  13.009                     0.087329167                       104.36338
                  13.012                     0.086996899                        103.8599
                  13.015                     0.086665378                       103.35517
                  13.018                     0.086334606                       102.84918
                  13.021                     0.086004588                        102.3419
                  13.024                     0.085675326                       101.83334
                  13.027                     0.085346825                       101.32348
                   13.03                     0.085019088                        100.8123
                  13.033                     0.084692119                        100.2998
                  13.036                     0.084365923                       99.785966
                  13.039                     0.084040503                       99.270781
                  13.042                     0.083715864                       98.754235
                  13.045                     0.083392009                       98.236315
                  13.048                     0.083068945                       97.717011
                  13.051                     0.082746674                       97.196308
                  13.054                     0.082425203                       96.674194
                  13.057                     0.082104535                       96.150657
                   13.06                     0.081784675                       95.625684
                  13.063                     0.081465629                       95.099262
                  13.066                     0.081147402                       94.571377
                  13.069                     0.080829999                       94.042017
                  13.072                     0.080513426                       93.511168
                  13.075                     0.080197687                       92.978817
                  13.078                     0.079882789                       92.444951
                  13.081                     0.079568738                       91.909554
                  13.084                     0.079255539                       91.372615
                  13.087                     0.078943198                       90.834119
                   13.09                     0.078631722                       90.294052
                  13.093                     0.078321116                         89.7524
                  13.096                     0.078011388                       89.209148
                  13.099                     0.077702543                       88.664284
                  13.102                      0.07739459                       88.117791
                  13.105                     0.077087533                       87.569656
                  13.108                      0.07678138                       87.019864
                  13.111                     0.076476139                         86.4684
                  13.114                     0.076171817                        85.91525
                  13.117                      0.07586842                       85.360399
                   13.12                     0.075565957                       84.803831
                  13.123                     0.075264436                       84.245531
                  13.126                     0.074963863                       83.685485
                  13.129                     0.074664247                       83.123677
                  13.132                     0.074365596                       82.560091
                  13.135                     0.074067918                       81.994712
                  13.138                     0.073771223                       81.427524
                  13.141                     0.073475517                       80.858513
                  13.144                      0.07318081                       80.287661
                  13.147                     0.072887112                       79.714953
                   13.15                      0.07259443                       79.140373
                  13.153                     0.072302774                       78.563905
                  13.156                     0.072012154                       77.985533
                  13.159                     0.071722578                       77.405241
                  13.162                     0.071434058                       76.823012
                  13.165                     0.071146601                       76.238831
                  13.168                     0.070860219                        75.65268
                  13.171                     0.070574922                       75.064544
                  13.174                      0.07029072                       74.474405
                  13.177                     0.070007623                       73.882248
                   13.18                     0.069725643                       73.288055
                  13.183                     0.069444789                        72.69181
                  13.186                     0.069165074                       72.093496
                  13.189                     0.068886507                       71.493097
                  13.192                     0.068609102                       70.890595
                  13.195                     0.068332868                       70.285974
                  13.198                     0.068057819                       69.679217
                  13.201                     0.067783965                       69.070308
                  13.204                     0.067511319                       68.459228
                  13.207                     0.067239894                       67.845962
                   13.21                     0.066969701                       67.230492
                  13.213                     0.066700753                       66.612802
                  13.216                     0.066433064                       65.992874
                  13.219                     0.066166645                       65.370692
                  13.222                     0.065901511                        64.74624
                  13.225                     0.065637675                       64.119499
                  13.228                      0.06537515                       63.490454
                  13.231                      0.06511395                       62.859088
                  13.234                     0.064854089                       62.225385
                  13.237                     0.064595581                       61.589326
                   13.24                     0.064338441                       60.950897
                  13.243                     0.064082683                        60.31008
                  13.246                     0.063828321                        59.66686
                  13.249                     0.063575371                        59.02122
                  13.252                     0.063323848                       58.373144
                  13.255                     0.063073767                       57.722616
                  13.258                     0.062825143                       57.069621
                  13.261                     0.062577992                       56.414141
                  13.264                      0.06233233                       55.756163
                  13.267                     0.062088173                        55.09567
                   13.27                     0.061845538                       54.432648
                  13.273                      0.06160444                       53.767081
                  13.276                     0.061364896                       53.098954
                  13.279                     0.061126923                       52.428254
                  13.282                     0.060890538                       51.754965
                  13.285                     0.060655758                       51.079074
                  13.288                     0.060422601                       50.400566
                  13.291                     0.060191084                       49.719429
                  13.294                     0.059961224                       49.035648
                  13.297                      0.05973304                       48.349211
                    13.3                      0.05950655                       47.660105
                  13.303                     0.059281771                       46.968318
                  13.306                     0.059058722                       46.273837
                  13.309                     0.058837423                       45.576652
                  13.312                      0.05861789                       44.876751
                  13.315                     0.058400144                       44.174123
                  13.318                     0.058184203                       43.468758
                  13.321                     0.057970087                       42.760645
                  13.324                     0.057757815                       42.049775
                  13.327                     0.057547406                       41.336139
                   13.33                      0.05733888                       40.619729
                  13.333                     0.057132257                       39.900536
                  13.336                     0.056927557                       39.178552
                  13.339                     0.056724799                       38.453772
                  13.342                     0.056524005                       37.726187
                  13.345                     0.056325193                       36.995793
                  13.348                     0.056128385                       36.262583
                  13.351                     0.055933601                       35.526554
                  13.354                     0.055740862                       34.787701
                  13.357                     0.055550188                       34.046021
                   13.36                       0.0553616                       33.301511
                  13.363                     0.055175119                       32.554168
                  13.366                     0.054990766                       31.803993
                  13.369                     0.054808562                       31.050983
                  13.372                     0.054628529                       30.295139
                  13.375                     0.054450686                       29.536462
                  13.378                     0.054275056                       28.774954
                  13.381                     0.054101659                       28.010617
                  13.384                     0.053930517                       27.243455
                  13.387                     0.053761651                        26.47347
                   13.39                     0.053595083                        25.70067
                  13.393                     0.053430833                       24.925058
                  13.396                     0.053268923                       24.146642
                  13.399                     0.053109374                        23.36543
                  13.402                     0.052952208                        22.58143
                  13.405                     0.052797445                       21.794652
                  13.408                     0.052645106                       21.005106
                  13.411                     0.052495214                       20.212803
                  13.414                     0.052347788                       19.417756
                  13.417                     0.052202849                       18.619977
                   13.42                     0.052060419                       17.819482
                  13.423                     0.051920518                       17.016286
                  13.426                     0.051783167                       16.210404
                  13.429                     0.051648385                       15.401855
                  13.432                     0.051516194                       14.590657
                  13.435                     0.051386614                       13.776828
                  13.438                     0.051259665                        12.96039
                  13.441                     0.051135365                       12.141364
                  13.444                     0.051013736                       11.319772
                  13.447                     0.050894796                       10.495639
                   13.45                     0.050778565                       9.6689878
                  13.453                     0.050665061                       8.8398454
                  13.456                     0.050554304                        8.008238
                  13.459                     0.050446311                       7.1741935
                  13.462                     0.050341101                       6.3377407
                  13.465                     0.050238692                       5.4989093
                  13.468                     0.050139101                       4.6577302
                  13.471                     0.050042346                       3.8142354
                  13.474                     0.049948443                       2.9684575
                  13.477                     0.049857409                       2.1204306
                   13.48                     0.049769261                       1.2701893
                  13.483                     0.049684015                      0.41776952
                  13.486                     0.049601685                       359.56321
                  13.489                     0.049522287                       358.70654
                  13.492                     0.049445836                       357.84781
                  13.495                     0.049372345                       356.98705
                  13.498                      0.04930183                       356.12431
                  13.501                     0.049234303                       355.25962
                  13.504                     0.049169777                       354.39303
                  13.507                     0.049108266                       353.52458
                   13.51                      0.04904978                       352.65431
                  13.513                     0.048994332                       351.78227
                  13.516                     0.048941932                        350.9085
                  13.519                     0.048892592                       350.03305
                  13.522                     0.048846321                       349.15596
                  13.525                     0.048803129                       348.27728
                  13.528                     0.048763025                       347.39706
                  13.531                     0.048726017                       346.51534
                  13.534                     0.048692114                       345.63218
                  13.537                     0.048661322                       344.74762
                   13.54                     0.048633649                        343.8617
                  13.543                     0.048609101                       342.97449
                  13.546                     0.048587684                       342.08603
                  13.549                     0.048569403                       341.19636
                  13.552                     0.048554262                       340.30555
                  13.555                     0.048542265                       339.41363
                  13.558                     0.048533417                       338.52066
                  13.561                     0.048527719                       337.62669
                  13.564                     0.048525174                       336.73177
                  13.567                     0.048525784                       335.83595
                   13.57                      0.04852955                       334.93927
                  13.573                     0.048536471                        334.0418
                  13.576                     0.048546549                       333.14357
                  13.579                     0.048559783                       332.24464
                  13.582                      0.04857617                       331.34506
                  13.585                      0.04859571                       330.44487
                  13.588                       0.0486184                       329.54412
                  13.591                     0.048644237                       328.64287
                  13.594                     0.048673218                       327.74115
                  13.597                     0.048705338                       326.83902
                    13.6                     0.048740592                       325.93652
                  13.603                     0.048778976                       325.03369
                  13.606                     0.048820484                       324.13059
                  13.609                     0.048865109                       323.22725
                  13.612                     0.048912845                       322.32372
                  13.615                     0.048963685                       321.42004
                  13.618                      0.04901762                       320.51626
                  13.621                     0.049074642                        319.6124
                  13.624                     0.049134742                       318.70852
                  13.627                     0.049197912                       317.80465
                   13.63                     0.049264141                       316.90082
                  13.633                      0.04933342                       315.99708
                  13.636                     0.049405737                       315.09346
                  13.639                     0.049481082                          314.19
                  13.642                     0.049559442                       313.28672
                  13.645                     0.049640808                       312.38367
                  13.648                     0.049725165                       311.48086
                  13.651                     0.049812502                       310.57833
                  13.654                     0.049902805                       309.67611
                  13.657                     0.049996062                       308.77423
                   13.66                     0.050092258                        307.8727
                  13.663                      0.05019138                       306.97156
                  13.666                     0.050293414                       306.07082
                  13.669                     0.050398345                       305.17051
                  13.672                     0.050506158                       304.27064
                  13.675                     0.050616839                       303.37125
                  13.678                     0.050730373                       302.47233
                  13.681                     0.050846743                       301.57391
                  13.684                     0.050965936                       300.67601
                  13.687                     0.051087934                       299.77862
                   13.69                     0.051212722                       298.88177
                  13.693                     0.051340285                       297.98547
                  13.696                     0.051470605                       297.08972
                  13.699                     0.051603668                       296.19452
                  13.702                     0.051739457                       295.29989
                  13.705                     0.051877955                       294.40582
                  13.708                     0.052019147                       293.51232
                  13.711                     0.052163016                       292.61939
                  13.714                     0.052309546                       291.72702
                  13.717                     0.052458721                       290.83521
                   13.72                     0.052610525                       289.94396
                  13.723                     0.052764942                       289.05326
                  13.726                     0.052921956                       288.16311
                  13.729                      0.05308155                       287.27348
                  13.732                      0.05324371                       286.38438
                  13.735                      0.05340842                       285.49579
                  13.738                     0.053575665                       284.60769
                  13.741                      0.05374543                       283.72007
                  13.744                       0.0539177                       282.83291
                  13.747                      0.05409246                        281.9462
                   13.75                     0.054269697                        281.0599
                  13.753                     0.054449396                       280.17401
                  13.756                     0.054631544                       279.28848
                  13.759                     0.054816128                       278.40331
                  13.762                     0.055003134                       277.51846
                  13.765                     0.055192551                        276.6339
                  13.768                     0.055384367                       275.74961
                  13.771                      0.05557857                       274.86554
                  13.774                      0.05577515                       273.98168
                  13.777                     0.055974095                       273.09797
                   13.78                     0.056175397                        272.2144
                  13.783                     0.056379046                       271.33091
                  13.786                     0.056585033                       270.44746
                  13.789                     0.056793351                       269.56403
                  13.792                     0.057003993                       268.68056
                  13.795                     0.057216951                         267.797
                  13.798                     0.057432221                       266.91332
                  13.801                     0.057649797                       266.02947
                  13.804                     0.057869675                       265.14539
                  13.807                     0.058091853                       264.26103
                   13.81                     0.058316328                       263.37635
                  13.813                     0.058543099                       262.49128
                  13.816                     0.058772166                       261.60578
                  13.819                     0.059003529                       260.71978
                  13.822                     0.059237192                       259.83322
                  13.825                     0.059473156                       258.94605
                  13.828                     0.059711426                       258.05819
                  13.831                     0.059952008                        257.1696
                  13.834                     0.060194909                       256.28019
                  13.837                     0.060440138                       255.38991
                   13.84                     0.060687703                       254.49868
                  13.843                     0.060937618                       253.60643
                  13.846                     0.061189894                       252.71309
                  13.849                     0.061444546                       251.81858
                  13.852                     0.061701591                       250.92283
                  13.855                     0.061961048                       250.02576
                  13.858                     0.062222935                       249.12729
                  13.861                     0.062487275                       248.22733
                  13.864                     0.062754094                        247.3258
                  13.867                     0.063023416                       246.42261
                   13.87                      0.06329527                       245.51768
                  13.873                     0.063569688                       244.61092
                  13.876                     0.063846704                       243.70222
                  13.879                     0.064126353                       242.79151
                  13.882                     0.064408674                       241.87868
                  13.885                     0.064693709                       240.96363
                  13.888                     0.064981504                       240.04626
                  13.891                     0.065272105                       239.12647
                  13.894                     0.065565564                       238.20416
                  13.897                     0.065861937                       237.27921
                    13.9                      0.06616128                       236.35151
                  13.903                     0.066463657                       235.42095
                  13.906                     0.066769133                       234.48743
                  13.909                     0.067077779                       233.55081
                  13.912                      0.06738967                       232.61098
                  13.915                     0.067704884                       231.66782
                  13.918                     0.068023507                        230.7212
                  13.921                     0.068345626                       229.77099
                  13.924                     0.068671337                       228.81706
                  13.927                      0.06900074                       227.85929
                   13.93                      0.06933394                       226.89752
                  13.933                     0.069671051                       225.93163
                  13.936                      0.07001219                       224.96148
                  13.939                     0.070357483                        223.9869
                  13.942                     0.070707064                       223.00777
                  13.945                     0.071061071                       222.02392
                  13.948                     0.071419654                       221.03521
                  13.951                      0.07178297                       220.04147
                  13.954                     0.072151182                       219.04255
                  13.957                     0.072524467                       218.03827
                   13.96                     0.072903009                       217.02848
                  13.963                     0.073287002                         216.013
                  13.966                     0.073676651                       214.99167
                  13.969                     0.074072175                       213.96429
                  13.972                     0.074473802                        212.9307
                  13.975                     0.074881773                        211.8907
                  13.978                     0.075296344                       210.84411
                  13.981                     0.075717783                       209.79073
                  13.984                     0.076146376                       208.73039
                  13.987                      0.07658242                       207.66286
                   13.99                     0.077026233                       206.58796
                  13.993                     0.077478148                       205.50547
                  13.996                     0.077938518                        204.4152
                  13.999                     0.078407712                       203.31691
                  14.002                     0.078886124                       202.21041
                  14.005                     0.079374168                       201.09547
                  14.008                     0.079872278                       199.97186
                  14.011                     0.080380917                       198.83936
                  14.014                     0.080900569                       197.69774
                  14.017                     0.081431749                       196.54677
                   14.02                     0.081974997                       195.38621
                  14.023                     0.082530885                       194.21582
                  14.026                     0.083100016                       193.03536
                  14.029                     0.083683027                       191.84457
                  14.032                      0.08428059                       190.64323
                  14.035                     0.084893416                       189.43106
                  14.038                     0.085522253                       188.20782
                  14.041                     0.086167894                       186.97326
                  14.044                     0.086831173                       185.72711
                  14.047                     0.087512975                       184.46911
                   14.05                      0.08821423                       183.19901
                  14.053                     0.088935925                       181.91653
                  14.056                       0.0896791                       180.62142
                  14.059                     0.090444853                        179.3134
                  14.062                     0.091234348                       177.99221
                  14.065                      0.09204881                       176.65758
                  14.068                     0.092889537                       175.30924
                  14.071                     0.093757899                       173.94693
                  14.074                     0.094655347                       172.57037
                  14.077                      0.09558341                        171.1793
                   14.08                     0.096543709                       169.77344
                  14.083                     0.097537955                       168.35254
                  14.086                     0.098567959                       166.91631
                  14.089                     0.099635634                        165.4645
                  14.092                      0.10074301                       163.99685
                  14.095                      0.10189221                       162.51307
                  14.098                      0.10308552                       161.01293
                  14.101                      0.10432533                       159.49614
                  14.104                      0.10561417                       157.96245
                  14.107                      0.10695472                        156.4116
                   14.11                      0.10834983                       154.84332
                  14.113                      0.10980249                       153.25736
                  14.116                      0.11131589                       151.65345
                  14.119                      0.11289339                       150.03132
                  14.122                      0.11453855                       148.39071
                  14.125                      0.11625514                       146.73135
                  14.128                      0.11804717                       145.05295
                  14.131                      0.11991885                       143.35524
                  14.134                      0.12187467                       141.63792
                  14.137                      0.12391937                       139.90068
                   14.14                      0.12605797                        138.1432
                  14.143                      0.12829579                       136.36515
                  14.146                      0.13063848                       134.56618
                  14.149                      0.13309199                        132.7459
                  14.152                      0.13566266                       130.90392
                  14.155                      0.13835717                       129.03978
                  14.158                      0.14118261                       127.15302
                  14.161                      0.14414649                       125.24312
                  14.164                      0.14725675                       123.30952
                  14.167                      0.15052178                       121.35159
                   14.17                      0.15395047                       119.36867
                  14.173                       0.1575522                       117.35999
                  14.176                      0.16133687                       115.32474
                  14.179                      0.16531492                         113.262
                  14.182                      0.16949735                       111.17078
                  14.185                      0.17389572                       109.04995
                  14.188                      0.17852215                        106.8983
                  14.191                      0.18338934                       104.71447
                  14.194                      0.18851054                       102.49699
                  14.197                      0.19389952                       100.24422
                    14.2                      0.19957051                       97.954353
                  14.203                      0.20553818                       95.625441
                  14.206                      0.21181749                       93.255333
                  14.209                      0.21842358                       90.841693
                  14.212                      0.22537162                       88.381981
                  14.215                      0.23267653                       85.873452
                  14.218                      0.24035272                        83.31315
                  14.221                      0.24841369                       80.697905
                  14.224                      0.25687159                       78.024341
                  14.227                      0.26573662                       75.288886
                   14.23                      0.27501631                       72.487795
                  14.233                       0.2847147                       69.617177
                  14.236                      0.29483131                       66.673044
                  14.239                      0.30535996                       63.651371
                  14.242                      0.31628745                       60.548176
                  14.245                      0.32759203                       57.359627
                  14.248                      0.33924185                       54.082169
                  14.251                      0.35119325                       50.712685
                  14.254                      0.36338917                       47.248681
                  14.257                      0.37575773                       43.688503
                   14.26                      0.38821118                        40.03157
                  14.263                      0.40064544                        36.27863
                  14.266                      0.41294051                       32.432012
                  14.269                      0.42496193                       28.495859
                  14.272                      0.43656363                       24.476328
                  14.275                      0.44759208                       20.381713
                  14.278                      0.45789187                       16.222483
                  14.281                      0.46731241                       12.011198
                  14.284                      0.47571523                       7.7622985
                  14.287                      0.48298135                       3.4917609
                   14.29                      0.48901785                       359.21664
                  14.293                      0.49376296                       354.95449
                  14.296                      0.49718909                       350.72284
                  14.299                      0.49930334                       346.53852
                  14.302                      0.50014575                       342.41718
                  14.305                      0.49978529                       338.37281
                  14.308                      0.49831441                       334.41747
                  14.311                      0.49584269                       330.56106
                  14.314                      0.49249038                       326.81127
                  14.317                      0.48838225                       323.17364
                   14.32                      0.48364239                       319.65171
                  14.323                      0.47838995                        316.2472
                  14.326                      0.47273609                       312.96029
                  14.329                      0.46678196                       309.78983
                  14.332                      0.46061761                       306.73363
                  14.335                      0.45432167                       303.78865
                  14.338                      0.44796155                       300.95126
                  14.341                       0.4415941                        298.2174
                  14.344                      0.43526644                        295.5827
                  14.347                      0.42901695                       293.04268
                   14.35                      0.42287635                       290.59277
                  14.353                      0.41686871                       288.22846
                  14.356                      0.41101238                       285.94531
                  14.359                       0.4053209                         283.739
                  14.362                       0.3998038                       281.60539
                  14.365                      0.39446727                       279.54052
                  14.368                      0.38931478                        277.5406
                  14.371                       0.3843476                       275.60206
                  14.374                      0.37956522                       273.72152
                  14.377                      0.37496576                        271.8958
                   14.38                      0.37054622                       270.12191
                  14.383                      0.36630279                       268.39704
                  14.386                      0.36223103                       266.71856
                  14.389                      0.35832606                         265.084
                  14.392                      0.35458267                       263.49105
                  14.395                      0.35099548                       261.93756
                  14.398                        0.347559                       260.42149
                  14.401                       0.3442677                       258.94096
                  14.404                      0.34111608                        257.4942
                  14.407                      0.33809871                       256.07954
                   14.41                      0.33521026                       254.69543
                  14.413                      0.33244555                       253.34042
                  14.416                      0.32979951                       252.01313
                  14.419                      0.32726727                       250.71229
                  14.422                      0.32484411                       249.43669
                  14.425                      0.32252549                        248.1852
                  14.428                      0.32030704                       246.95676
                  14.431                      0.31818457                       245.75036
                  14.434                      0.31615408                       244.56507
                  14.437                      0.31421173                       243.39998
                   14.44                      0.31235385                       242.25428
                  14.443                      0.31057693                       241.12716
                  14.446                      0.30887763                       240.01788
                  14.449                      0.30725275                       238.92573
                  14.452                      0.30569926                       237.85005
                  14.455                      0.30421423                        236.7902
                  14.458                      0.30279491                       235.74558
                  14.461                      0.30143866                       234.71563
                  14.464                      0.30014295                        233.6998
                  14.467                       0.2989054                       232.69758
                   14.47                       0.2977237                       231.70849
                  14.473                      0.29659568                       230.73206
                  14.476                      0.29551927                       229.76785
                  14.479                      0.29449247                       228.81544
                  14.482                       0.2935134                       227.87444
                  14.485                      0.29258025                       226.94446
                  14.488                       0.2916913                       226.02513
                  14.491                      0.29084491                       225.11611
                  14.494                       0.2900395                       224.21707
                  14.497                      0.28927358                       223.32769
                    14.5                      0.28854572                       222.44766

