                        S2(1),1(1)/abs,linear                S2(1),1(1)/arg,degrees
----------------------------------------------------------------------------------------------------------------
                    11.5                      0.48834554                       68.982369
                  11.503                       0.4850379                        68.76009
                  11.506                       0.4818728                       68.533837
                  11.509                      0.47883733                       68.303805
                  11.512                      0.47592012                       68.070182
                  11.515                      0.47311113                       67.833154
                  11.518                      0.47040146                       67.592899
                  11.521                      0.46778318                       67.349587
                  11.524                      0.46524922                       67.103379
                  11.527                      0.46279327                        66.85443
                   11.53                      0.46040964                       66.602886
                  11.533                       0.4580932                       66.348884
                  11.536                      0.45583935                       66.092553
                  11.539                      0.45364391                       65.834018
                  11.542                      0.45150307                       65.573393
                  11.545                       0.4494134                       65.310786
                  11.548                      0.44737175                       65.046301
                  11.551                      0.44537525                       64.780033
                  11.554                      0.44342127                       64.512072
                  11.557                       0.4415074                       64.242505
                   11.56                      0.43963143                        63.97141
                  11.563                      0.43779132                       63.698864
                  11.566                      0.43598519                       63.424938
                  11.569                      0.43421129                       63.149698
                  11.572                      0.43246803                       62.873208
                  11.575                      0.43075391                       62.595526
                  11.578                      0.42906755                        62.31671
                  11.581                      0.42740766                       62.036811
                  11.584                      0.42577304                       61.755879
                  11.587                      0.42416259                       61.473963
                   11.59                      0.42257525                       61.191105
                  11.593                      0.42101005                       60.907348
                  11.596                      0.41946608                       60.622733
                  11.599                      0.41794248                       60.337296
                  11.602                      0.41643846                       60.051073
                  11.605                      0.41495325                       59.764097
                  11.608                      0.41348614                       59.476402
                  11.611                      0.41203647                       59.188016
                  11.614                      0.41060361                       58.898969
                  11.617                      0.40918697                       58.609288
                   11.62                      0.40778597                       58.318999
                  11.623                       0.4064001                       58.028125
                  11.626                      0.40502884                       57.736692
                  11.629                      0.40367172                        57.44472
                  11.632                      0.40232829                       57.152231
                  11.635                      0.40099812                       56.859245
                  11.638                       0.3996808                       56.565781
                  11.641                      0.39837594                       56.271857
                  11.644                      0.39708318                       55.977491
                  11.647                      0.39580216                       55.682699
                   11.65                      0.39453255                       55.387496
                  11.653                      0.39327403                       55.091898
                  11.656                      0.39202629                        54.79592
                  11.659                      0.39078904                       54.499574
                  11.662                        0.389562                       54.202874
                  11.665                      0.38834491                       53.905833
                  11.668                       0.3871375                       53.608462
                  11.671                      0.38593954                       53.310773
                  11.674                      0.38475078                       53.012777
                  11.677                      0.38357101                       52.714484
                   11.68                      0.38240001                       52.415905
                  11.683                      0.38123756                       52.117048
                  11.686                      0.38008347                       51.817923
                  11.689                      0.37893755                        51.51854
                  11.692                      0.37779961                       51.218905
                  11.695                      0.37666947                       50.919029
                  11.698                      0.37554696                       50.618917
                  11.701                      0.37443191                       50.318579
                  11.704                      0.37332417                       50.018021
                  11.707                      0.37222358                       49.717249
                   11.71                      0.37112999                       49.416271
                  11.713                      0.37004326                       49.115094
                  11.716                      0.36896324                       48.813722
                  11.719                      0.36788981                       48.512163
                  11.722                      0.36682283                       48.210421
                  11.725                      0.36576218                       47.908503
                  11.728                      0.36470773                       47.606414
                  11.731                      0.36365937                       47.304158
                  11.734                      0.36261698                       47.001741
                  11.737                      0.36158045                       46.699167
                   11.74                      0.36054967                       46.396442
                  11.743                      0.35952455                       46.093569
                  11.746                      0.35850496                       45.790553
                  11.749                      0.35749083                       45.487398
                  11.752                      0.35648204                       45.184107
                  11.755                      0.35547852                       44.880686
                  11.758                      0.35448016                       44.577137
                  11.761                      0.35348689                       44.273465
                  11.764                       0.3524986                       43.969672
                  11.767                      0.35151523                       43.665762
                   11.77                      0.35053668                       43.361739
                  11.773                      0.34956289                       43.057605
                  11.776                      0.34859377                       42.753365
                  11.779                      0.34762925                        42.44902
                  11.782                      0.34666925                       42.144574
                  11.785                       0.3457137                       41.840029
                  11.788                      0.34476254                       41.535389
                  11.791                      0.34381569                       41.230656
                  11.794                      0.34287309                       40.925833
                  11.797                      0.34193468                       40.620922
                    11.8                      0.34100039                       40.315926
                  11.803                      0.34007016                       40.010846
                  11.806                      0.33914392                       39.705687
                  11.809                      0.33822163                       39.400449
                  11.812                      0.33730322                       39.095135
                  11.815                      0.33638864                       38.789748
                  11.818                      0.33547782                       38.484289
                  11.821                      0.33457073                        38.17876
                  11.824                       0.3336673                       37.873164
                  11.827                      0.33276748                       37.567503
                   11.83                      0.33187123                       37.261778
                  11.833                      0.33097849                       36.955991
                  11.836                      0.33008921                       36.650145
                  11.839                      0.32920336                       36.344241
                  11.842                      0.32832087                       36.038281
                  11.845                      0.32744171                       35.732266
                  11.848                      0.32656584                       35.426199
                  11.851                       0.3256932                       35.120081
                  11.854                      0.32482376                       34.813913
                  11.857                      0.32395747                       34.507698
                   11.86                      0.32309429                       34.201437
                  11.863                      0.32223419                       33.895132
                  11.866                      0.32137712                       33.588783
                  11.869                      0.32052305                       33.282393
                  11.872                      0.31967193                       32.975964
                  11.875                      0.31882373                       32.669496
                  11.878                      0.31797842                       32.362991
                  11.881                      0.31713595                        32.05645
                  11.884                       0.3162963                       31.749876
                  11.887                      0.31545942                       31.443268
                   11.89                      0.31462529                        31.13663
                  11.893                      0.31379387                       30.829961
                  11.896                      0.31296512                       30.523264
                  11.899                      0.31213903                       30.216539
                  11.902                      0.31131554                       29.909789
                  11.905                      0.31049465                       29.603013
                  11.908                       0.3096763                       29.296215
                  11.911                      0.30886048                       28.989394
                  11.914                      0.30804715                       28.682552
                  11.917                      0.30723629                        28.37569
                   11.92                      0.30642786                        28.06881
                  11.923                      0.30562185                       27.761913
                  11.926                      0.30481822                       27.454999
                  11.929                      0.30401694                       27.148071
                  11.932                      0.30321799                       26.841129
                  11.935                      0.30242135                       26.534175
                  11.938                      0.30162698                       26.227209
                  11.941                      0.30083486                       25.920232
                  11.944                      0.30004498                       25.613247
                  11.947                      0.29925729                       25.306254
                   11.95                      0.29847179                       24.999254
                  11.953                      0.29768844                       24.692248
                  11.956                      0.29690723                       24.385237
                  11.959                      0.29612813                       24.078223
                  11.962                      0.29535111                       23.771207
                  11.965                      0.29457616                       23.464189
                  11.968                      0.29380326                        23.15717
                  11.971                      0.29303238                       22.850153
                  11.974                       0.2922635                       22.543137
                  11.977                      0.29149661                       22.236125
                   11.98                      0.29073168                       21.929116
                  11.983                      0.28996869                       21.622112
                  11.986                      0.28920762                       21.315114
                  11.989                      0.28844846                       21.008123
                  11.992                      0.28769118                       20.701141
                  11.995                      0.28693577                       20.394167
                  11.998                       0.2861822                       20.087204
                  12.001                      0.28543047                       19.780252
                  12.004                      0.28468054                       19.473312
                  12.007                      0.28393241                       19.166385
                   12.01                      0.28318606                       18.859472
                  12.013                      0.28244146                       18.552575
                  12.016                      0.28169861                       18.245694
                  12.019                      0.28095749                        17.93883
                  12.022                      0.28021807                       17.631984
                  12.025                      0.27948036                       17.325157
                  12.028                      0.27874432                       17.018351
                  12.031                      0.27800994                       16.711565
                  12.034                      0.27727721                       16.404802
                  12.037                      0.27654612                       16.098062
                   12.04                      0.27581664                       15.791346
                  12.043                      0.27508877                       15.484654
                  12.046                      0.27436249                       15.177989
                  12.049                      0.27363778                       14.871351
                  12.052                      0.27291464                       14.564741
                  12.055                      0.27219304                        14.25816
                  12.058                      0.27147298                       13.951609
                  12.061                      0.27075444                       13.645088
                  12.064                      0.27003741                       13.338599
                  12.067                      0.26932188                       13.032143
                   12.07                      0.26860782                       12.725721
                  12.073                      0.26789524                       12.419333
                  12.076                      0.26718412                       12.112981
                  12.079                      0.26647444                       11.806665
                  12.082                       0.2657662                       11.500387
                  12.085                      0.26505938                       11.194147
                  12.088                      0.26435397                       10.887947
                  12.091                      0.26364996                       10.581787
                  12.094                      0.26294734                       10.275668
                  12.097                      0.26224609                       9.9695909
                    12.1                      0.26154622                       9.6635572
                  12.103                       0.2608477                       9.3575675
                  12.106                      0.26015052                       9.0516228
                  12.109                      0.25945468                       8.7457239
                  12.112                      0.25876017                       8.4398719
                  12.115                      0.25806697                       8.1340676
                  12.118                      0.25737507                       7.8283119
                  12.121                      0.25668447                       7.5226058
                  12.124                      0.25599515                       7.2169503
                  12.127                      0.25530711                       6.9113462
                   12.13                      0.25462034                       6.6057944
                  12.133                      0.25393482                       6.3002958
                  12.136                      0.25325056                       5.9948515
                  12.139                      0.25256753                       5.6894622
                  12.142                      0.25188573                        5.384129
                  12.145                      0.25120516                       5.0788527
                  12.148                      0.25052579                       4.7736342
                  12.151                      0.24984764                       4.4684744
                  12.154                      0.24917068                       4.1633743
                  12.157                       0.2484949                       3.8583348
                   12.16                      0.24782031                       3.5533568
                  12.163                      0.24714689                       3.2484411
                  12.166                      0.24647464                       2.9435887
                  12.169                      0.24580354                       2.6388005
                  12.172                      0.24513359                       2.3340774
                  12.175                      0.24446479                       2.0294203
                  12.178                      0.24379711                         1.72483
                  12.181                      0.24313057                       1.4203076
                  12.184                      0.24246514                       1.1158539
                  12.187                      0.24180083                       0.8114697
                   12.19                      0.24113763                      0.50715604
                  12.193                      0.24047552                      0.20291376
                  12.196                      0.23981451                       359.89874
                  12.199                      0.23915458                       359.59465
                  12.202                      0.23849574                       359.29062
                  12.205                      0.23783796                       358.98668
                  12.208                      0.23718125                        358.6828
                  12.211                      0.23652561                       358.37901
                  12.214                      0.23587101                       358.07529
                  12.217                      0.23521747                       357.77165
                   12.22                      0.23456496                       357.46809
                  12.223                       0.2339135                       357.16461
                  12.226                      0.23326306                       356.86122
                  12.229                      0.23261365                        356.5579
                  12.232                      0.23196526                       356.25467
                  12.235                      0.23131788                       355.95152
                  12.238                      0.23067151                       355.64845
                  12.241                      0.23002614                       355.34547
                  12.244                      0.22938177                       355.04258
                  12.247                      0.22873839                       354.73978
                   12.25                        0.228096                       354.43706
                  12.253                      0.22745459                       354.13443
                  12.256                      0.22681416                       353.83189
                  12.259                       0.2261747                       353.52945
                  12.262                      0.22553621                       353.22709
                  12.265                      0.22489867                       352.92483
                  12.268                       0.2242621                       352.62266
                  12.271                      0.22362648                       352.32059
                  12.274                       0.2229918                       352.01861
                  12.277                      0.22235807                       351.71672
                   12.28                      0.22172528                       351.41494
                  12.283                      0.22109343                       351.11325
                  12.286                       0.2204625                       350.81166
                  12.289                       0.2198325                       350.51017
                  12.292                      0.21920343                       350.20878
                  12.295                      0.21857527                       349.90749
                  12.298                      0.21794802                       349.60631
                  12.301                      0.21732168                       349.30522
                  12.304                      0.21669625                       349.00425
                  12.307                      0.21607172                       348.70337
                   12.31                      0.21544809                        348.4026
                  12.313                      0.21482535                       348.10194
                  12.316                       0.2142035                       347.80139
                  12.319                      0.21358254                       347.50094
                  12.322                      0.21296246                       347.20061
                  12.325                      0.21234326                       346.90038
                  12.328                      0.21172494                       346.60027
                  12.331                      0.21110749                       346.30026
                  12.334                      0.21049091                       346.00037
                  12.337                      0.20987519                        345.7006
                   12.34                      0.20926033                       345.40094
                  12.343                      0.20864633                       345.10139
                  12.346                      0.20803319                       344.80196
                  12.349                       0.2074209                       344.50264
                  12.352                      0.20680946                       344.20345
                  12.355                      0.20619886                       343.90437
                  12.358                       0.2055891                       343.60542
                  12.361                      0.20498019                       343.30658
                  12.364                      0.20437211                       343.00786
                  12.367                      0.20376486                       342.70927
                   12.37                      0.20315845                        342.4108
                  12.373                      0.20255286                       342.11246
                  12.376                       0.2019481                       341.81424
                  12.379                      0.20134416                       341.51614
                  12.382                      0.20074103                       341.21818
                  12.385                      0.20013873                       340.92034
                  12.388                      0.19953723                       340.62263
                  12.391                      0.19893655                       340.32505
                  12.394                      0.19833668                       340.02759
                  12.397                      0.19773761                       339.73027
                    12.4                      0.19713934                       339.43309
                  12.403                      0.19654188                       339.13603
                  12.406                      0.19594521                       338.83911
                  12.409                      0.19534934                       338.54232
                  12.412                      0.19475426                       338.24567
                  12.415                      0.19415997                       337.94916
                  12.418                      0.19356647                       337.65278
                  12.421                      0.19297375                       337.35654
                  12.424                      0.19238182                       337.06045
                  12.427                      0.19179067                       336.76449
                   12.43                      0.19120029                       336.46867
                  12.433                       0.1906107                       336.17299
                  12.436                      0.19002188                       335.87746
                  12.439                      0.18943383                       335.58207
                  12.442                      0.18884655                       335.28683
                  12.445                      0.18826003                       334.99173
                  12.448                      0.18767429                       334.69678
                  12.451                       0.1870893                       334.40197
                  12.454                      0.18650508                       334.10732
                  12.457                      0.18592162                       333.81281
                   12.46                      0.18533891                       333.51845
                  12.463                      0.18475696                       333.22425
                  12.466                      0.18417577                       332.93019
                  12.469                      0.18359532                       332.63629
                  12.472                      0.18301562                       332.34255
                  12.475                      0.18243667                       332.04896
                  12.478                      0.18185847                       331.75552
                  12.481                      0.18128101                       331.46224
                  12.484                      0.18070429                       331.16912
                  12.487                      0.18012832                       330.87616
                   12.49                      0.17955308                       330.58336
                  12.493                      0.17897857                       330.29072
                  12.496                      0.17840481                       329.99824
                  12.499                      0.17783177                       329.70592
                  12.502                      0.17725947                       329.41377
                  12.505                      0.17668789                       329.12178
                  12.508                      0.17611704                       328.82995
                  12.511                      0.17554692                        328.5383
                  12.514                      0.17497753                       328.24681
                  12.517                      0.17440885                       327.95549
                   12.52                       0.1738409                       327.66434
                  12.523                      0.17327367                       327.37336
                  12.526                      0.17270715                       327.08255
                  12.529                      0.17214135                       326.79191
                  12.532                      0.17157627                       326.50145
                  12.535                       0.1710119                       326.21116
                  12.538                      0.17044824                       325.92105
                  12.541                      0.16988529                       325.63111
                  12.544                      0.16932305                       325.34136
                  12.547                      0.16876152                       325.05178
                   12.55                      0.16820069                       324.76238
                  12.553                      0.16764057                       324.47316
                  12.556                      0.16708115                       324.18413
                  12.559                      0.16652243                       323.89527
                  12.562                      0.16596442                        323.6066
                  12.565                       0.1654071                       323.31812
                  12.568                      0.16485047                       323.02982
                  12.571                      0.16429455                       322.74171
                  12.574                      0.16373932                       322.45379
                  12.577                      0.16318478                       322.16606
                   12.58                      0.16263093                       321.87852
                  12.583                      0.16207778                       321.59117
                  12.586                      0.16152531                       321.30402
                  12.589                      0.16097353                       321.01706
                  12.592                      0.16042244                       320.73029
                  12.595                      0.15987203                       320.44372
                  12.598                      0.15932231                       320.15735
                  12.601                      0.15877327                       319.87118
                  12.604                      0.15822491                        319.5852
                  12.607                      0.15767724                       319.29943
                   12.61                      0.15713024                       319.01386
                  12.613                      0.15658392                        318.7285
                  12.616                      0.15603828                       318.44334
                  12.619                      0.15549331                       318.15838
                  12.622                      0.15494902                       317.87364
                  12.625                       0.1544054                        317.5891
                  12.628                      0.15386245                       317.30477
                  12.631                      0.15332017                       317.02065
                  12.634                      0.15277857                       316.73674
                  12.637                      0.15223763                       316.45305
                   12.64                      0.15169736                       316.16958
                  12.643                      0.15115776                       315.88631
                  12.646                      0.15061882                       315.60327
                  12.649                      0.15008055                       315.32045
                  12.652                      0.14954294                       315.03784
                  12.655                      0.14900599                       314.75546
                  12.658                      0.14846971                        314.4733
                  12.661                      0.14793408                       314.19136
                  12.664                      0.14739911                       313.90965
                  12.667                      0.14686481                       313.62817
                   12.67                      0.14633115                       313.34692
                  12.673                      0.14579816                       313.06589
                  12.676                      0.14526582                        312.7851
                  12.679                      0.14473414                       312.50454
                  12.682                       0.1442031                       312.22421
                  12.685                      0.14367272                       311.94412
                  12.688                        0.143143                       311.66426
                  12.691                      0.14261392                       311.38465
                  12.694                      0.14208549                       311.10527
                  12.697                      0.14155771                       310.82614
                    12.7                      0.14103058                       310.54725
                  12.703                      0.14050409                        310.2686
                  12.706                      0.13997825                        309.9902
                  12.709                      0.13945306                       309.71205
                  12.712                      0.13892851                       309.43415
                  12.715                       0.1384046                       309.15649
                  12.718                      0.13788134                       308.87909
                  12.721                      0.13735871                       308.60195
                  12.724                      0.13683673                       308.32506
                  12.727                      0.13631539                       308.04843
                   12.73                      0.13579468                       307.77205
                  12.733                      0.13527461                       307.49594
                  12.736                      0.13475519                       307.22009
                  12.739                      0.13423639                       306.94451
                  12.742                      0.13371824                       306.66919
                  12.745                      0.13320071                       306.39414
                  12.748                      0.13268383                       306.11936
                  12.751                      0.13216757                       305.84485
                  12.754                      0.13165195                       305.57061
                  12.757                      0.13113696                       305.29665
                   12.76                       0.1306226                       305.02296
                  12.763                      0.13010887                       304.74956
                  12.766                      0.12959577                       304.47643
                  12.769                       0.1290833                       304.20359
                  12.772                      0.12857146                       303.93103
                  12.775                      0.12806024                       303.65876
                  12.778                      0.12754965                       303.38677
                  12.781                      0.12703969                       303.11508
                  12.784                      0.12653035                       302.84368
                  12.787                      0.12602164                       302.57257
                   12.79                      0.12551355                       302.30176
                  12.793                      0.12500608                       302.03125
                  12.796                      0.12449924                       301.76104
                  12.799                      0.12399302                       301.49113
                  12.802                      0.12348742                       301.22153
                  12.805                      0.12298244                       300.95223
                  12.808                      0.12247808                       300.68325
                  12.811                      0.12197434                       300.41457
                  12.814                      0.12147122                       300.14621
                  12.817                      0.12096871                       299.87817
                   12.82                      0.12046683                       299.61044
                  12.823                      0.11996556                       299.34303
                  12.826                      0.11946491                       299.07595
                  12.829                      0.11896487                       298.80919
                  12.832                      0.11846545                       298.54276
                  12.835                      0.11796664                       298.27666
                  12.838                      0.11746845                        298.0109
                  12.841                      0.11697087                       297.74546
                  12.844                       0.1164739                       297.48037
                  12.847                      0.11597755                       297.21561
                   12.85                       0.1154818                        296.9512
                  12.853                      0.11498667                       296.68713
                  12.856                      0.11449215                       296.42341
                  12.859                      0.11399824                       296.16005
                  12.862                      0.11350494                       295.89703
                  12.865                      0.11301225                       295.63437
                  12.868                      0.11252017                       295.37207
                  12.871                       0.1120287                       295.11013
                  12.874                      0.11153783                       294.84856
                  12.877                      0.11104757                       294.58735
                   12.88                      0.11055792                       294.32651
                  12.883                      0.11006888                       294.06605
                  12.886                      0.10958044                       293.80596
                  12.889                       0.1090926                       293.54625
                  12.892                      0.10860538                       293.28692
                  12.895                      0.10811875                       293.02797
                  12.898                      0.10763273                       292.76942
                  12.901                      0.10714732                       292.51125
                  12.904                      0.10666251                       292.25348
                  12.907                       0.1061783                       291.99611
                   12.91                      0.10569469                       291.73914
                  12.913                      0.10521169                       291.48257
                  12.916                      0.10472929                       291.22641
                  12.919                      0.10424749                       290.97066
                  12.922                      0.10376629                       290.71532
                  12.925                      0.10328569                        290.4604
                  12.928                      0.10280569                       290.20591
                  12.931                      0.10232629                       289.95183
                  12.934                      0.10184749                       289.69819
                  12.937                       0.1013693                       289.44498
                   12.94                       0.1008917                        289.1922
                  12.943                      0.10041469                       288.93986
                  12.946                     0.099938292                       288.68797
                  12.949                     0.099462487                       288.43652
                  12.952                      0.09898728                       288.18552
                  12.955                      0.09851267                       287.93498
                  12.958                     0.098038657                        287.6849
                  12.961                     0.097565241                       287.43528
                  12.964                     0.097092421                       287.18613
                  12.967                     0.096620198                       286.93744
                   12.97                      0.09614857                       286.68924
                  12.973                     0.095677538                       286.44151
                  12.976                     0.095207102                       286.19427
                  12.979                      0.09473726                       285.94751
                  12.982                     0.094268013                       285.70125
                  12.985                     0.093799361                       285.45548
                  12.988                     0.093331303                       285.21022
                  12.991                     0.092863839                       284.96546
                  12.994                     0.092396969                       284.72121
                  12.997                     0.091930692                       284.47748
                      13                     0.091465008                       284.23427
                  13.003                     0.090999918                       283.99159
                  13.006                      0.09053542                       283.74944
                  13.009                     0.090071514                       283.50782
                  13.012                     0.089608201                       283.26674
                  13.015                      0.08914548                       283.02621
                  13.018                     0.088683351                       282.78623
                  13.021                     0.088221814                        282.5468
                  13.024                     0.087760868                       282.30794
                  13.027                     0.087300513                       282.06965
                   13.03                     0.086840749                       281.83193
                  13.033                     0.086381575                       281.59478
                  13.036                     0.085922993                       281.35823
                  13.039                        0.085465                       281.12226
                  13.042                     0.085007598                       280.88689
                  13.045                     0.084550786                       280.65212
                  13.048                     0.084094563                       280.41795
                  13.051                      0.08363893                       280.18441
                  13.054                     0.083183886                       279.95148
                  13.057                     0.082729431                       279.71918
                   13.06                     0.082275566                       279.48752
                  13.063                     0.081822289                        279.2565
                  13.066                       0.0813696                       279.02612
                  13.069                       0.0809175                        278.7964
                  13.072                     0.080465989                       278.56733
                  13.075                     0.080015065                       278.33894
                  13.078                     0.079564729                       278.11122
                  13.081                      0.07911498                       277.88418
                  13.084                     0.078665819                       277.65784
                  13.087                     0.078217246                       277.43219
                   13.09                     0.077769259                       277.20724
                  13.093                     0.077321859                       276.98301
                  13.096                     0.076875046                        276.7595
                  13.099                     0.076428819                       276.53672
                  13.102                     0.075983179                       276.31467
                  13.105                     0.075538125                       276.09337
                  13.108                     0.075093656                       275.87283
                  13.111                     0.074649774                       275.65304
                  13.114                     0.074206477                       275.43403
                  13.117                     0.073763765                        275.2158
                   13.12                     0.073321638                       274.99835
                  13.123                     0.072880097                       274.78171
                  13.126                      0.07243914                       274.56587
                  13.129                     0.071998768                       274.35085
                  13.132                      0.07155898                       274.13666
                  13.135                     0.071119776                       273.92331
                  13.138                     0.070681156                        273.7108
                  13.141                      0.07024312                       273.49915
                  13.144                     0.069805667                       273.28837
                  13.147                     0.069368798                       273.07847
                   13.15                     0.068932512                       272.86946
                  13.153                     0.068496808                       272.66135
                  13.156                     0.068061688                       272.45415
                  13.159                     0.067627149                       272.24787
                  13.162                     0.067193193                       272.04254
                  13.165                     0.066759819                       271.83815
                  13.168                     0.066327027                       271.63472
                  13.171                     0.065894816                       271.43226
                  13.174                     0.065463186                       271.23079
                  13.177                     0.065032138                       271.03032
                   13.18                      0.06460167                       270.83086
                  13.183                     0.064171783                       270.63242
                  13.186                     0.063742476                       270.43503
                  13.189                     0.063313749                       270.23869
                  13.192                     0.062885601                       270.04342
                  13.195                     0.062458034                       269.84923
                  13.198                     0.062031045                       269.65614
                  13.201                     0.061604635                       269.46417
                  13.204                     0.061178805                       269.27332
                  13.207                     0.060753552                       269.08362
                   13.21                     0.060328878                       268.89509
                  13.213                     0.059904781                       268.70773
                  13.216                     0.059481262                       268.52157
                  13.219                      0.05905832                       268.33663
                  13.222                     0.058635955                       268.15291
                  13.225                     0.058214167                       267.97045
                  13.228                     0.057792955                       267.78926
                  13.231                      0.05737232                       267.60936
                  13.234                      0.05695226                       267.43077
                  13.237                     0.056532776                       267.25351
                   13.24                     0.056113866                        267.0776
                  13.243                     0.055695532                       266.90307
                  13.246                     0.055277772                       266.72992
                  13.249                     0.054860587                        266.5582
                  13.252                     0.054443975                       266.38792
                  13.255                     0.054027938                        266.2191
                  13.258                     0.053612473                       266.05176
                  13.261                     0.053197582                       265.88594
                  13.264                     0.052783264                       265.72166
                  13.267                     0.052369518                       265.55895
                   13.27                     0.051956344                       265.39783
                  13.273                     0.051543743                       265.23832
                  13.276                     0.051131713                       265.08047
                  13.279                     0.050720255                       264.92429
                  13.282                     0.050309368                       264.76982
                  13.285                     0.049899051                       264.61709
                  13.288                     0.049489306                       264.46613
                  13.291                     0.049080131                       264.31697
                  13.294                     0.048671527                       264.16965
                  13.297                     0.048263493                        264.0242
                    13.3                     0.047856029                       263.88066
                  13.303                     0.047449135                       263.73906
                  13.306                      0.04704281                       263.59944
                  13.309                     0.046637056                       263.46185
                  13.312                      0.04623187                       263.32631
                  13.315                     0.045827255                       263.19288
                  13.318                     0.045423209                       263.06159
                  13.321                     0.045019733                       262.93249
                  13.324                     0.044616827                       262.80562
                  13.327                      0.04421449                       262.68104
                   13.33                     0.043812724                       262.55878
                  13.333                     0.043411527                       262.43891
                  13.336                     0.043010902                       262.32146
                  13.339                     0.042610846                        262.2065
                  13.342                     0.042211363                       262.09408
                  13.345                      0.04181245                       261.98426
                  13.348                      0.04141411                       261.87709
                  13.351                     0.041016343                       261.77264
                  13.354                     0.040619148                       261.67097
                  13.357                     0.040222528                       261.57215
                   13.36                     0.039826483                       261.47624
                  13.363                     0.039431014                       261.38332
                  13.366                     0.039036122                       261.29345
                  13.369                     0.038641809                       261.20672
                  13.372                     0.038248074                       261.12319
                  13.375                     0.037854921                       261.04296
                  13.378                      0.03746235                       260.96611
                  13.381                     0.037070364                       260.89272
                  13.384                     0.036678964                       260.82289
                  13.387                     0.036288152                       260.75671
                   13.39                      0.03589793                       260.69427
                  13.393                     0.035508302                       260.63569
                  13.396                      0.03511927                       260.58107
                  13.399                     0.034730836                       260.53052
                  13.402                     0.034343005                       260.48416
                  13.405                     0.033955779                        260.4421
                  13.408                     0.033569162                       260.40447
                  13.411                     0.033183158                       260.37141
                  13.414                     0.032797773                       260.34305
                  13.417                     0.032413009                       260.31953
                   13.42                     0.032028874                         260.301
                  13.423                     0.031645372                       260.28762
                  13.426                     0.031262509                       260.27955
                  13.429                     0.030880292                       260.27697
                  13.432                     0.030498728                       260.28005
                  13.435                     0.030117824                       260.28897
                  13.438                     0.029737589                       260.30393
                  13.441                     0.029358031                       260.32515
                  13.444                      0.02897916                       260.35282
                  13.447                     0.028600986                       260.38719
                   13.45                      0.02822352                       260.42848
                  13.453                     0.027846774                       260.47694
                  13.456                     0.027470761                       260.53284
                  13.459                     0.027095493                       260.59645
                  13.462                     0.026720987                       260.66806
                  13.465                     0.026347258                       260.74797
                  13.468                     0.025974323                        260.8365
                  13.471                       0.0256022                       260.93399
                  13.474                     0.025230909                        261.0408
                  13.477                     0.024860472                       261.15729
                   13.48                     0.024490912                       261.28388
                  13.483                     0.024122254                       261.42096
                  13.486                     0.023754523                       261.56899
                  13.489                     0.023387749                       261.72843
                  13.492                     0.023021963                       261.89978
                  13.495                     0.022657199                       262.08356
                  13.498                     0.022293492                       262.28031
                  13.501                     0.021930882                       262.49064
                  13.504                      0.02156941                       262.71514
                  13.507                     0.021209122                        262.9545
                   13.51                     0.020850066                        263.2094
                  13.513                     0.020492296                       263.48058
                  13.516                      0.02013587                       263.76884
                  13.519                     0.019780848                       264.07501
                  13.522                     0.019427298                       264.39998
                  13.525                     0.019075292                        264.7447
                  13.528                     0.018724909                       265.11016
                  13.531                     0.018376233                       265.49745
                  13.534                     0.018029357                       265.90771
                  13.537                     0.017684381                       266.34213
                   13.54                     0.017341412                       266.80202
                  13.543                     0.017000569                       267.28874
                  13.546                     0.016661978                       267.80377
                  13.549                      0.01632578                       268.34864
                  13.552                     0.015992123                       268.92502
                  13.555                     0.015661171                       269.53466
                  13.558                     0.015333103                       270.17942
                  13.561                     0.015008112                       270.86129
                  13.564                     0.014686408                       271.58236
                  13.567                      0.01436822                       272.34485
                   13.57                     0.014053796                        273.1511
                  13.573                     0.013743408                       274.00357
                  13.576                     0.013437349                       274.90484
                  13.579                     0.013135938                       275.85763
                  13.582                     0.012839524                       276.86475
                  13.585                     0.012548482                       277.92912
                  13.588                      0.01226322                       279.05373
                  13.591                     0.011984181                       280.24165
                  13.594                     0.011711841                       281.49598
                  13.597                     0.011446715                       282.81978
                    13.6                     0.011189354                        284.2161
                  13.603                     0.010940353                       285.68783
                  13.606                     0.010700343                        287.2377
                  13.609                     0.010469996                       288.86814
                  13.612                     0.010250022                        290.5812
                  13.615                     0.010041166                       292.37843
                  13.618                    0.0098442067                       294.26078
                  13.621                    0.0096599461                       296.22841
                  13.624                    0.0094892058                       298.28059
                  13.627                    0.0093328156                       300.41554
                   13.63                    0.0091916023                       302.63033
                  13.633                    0.0090663763                       304.92076
                  13.636                    0.0089579162                       307.28126
                  13.639                    0.0088669526                       309.70491
                  13.642                    0.0087941506                       312.18346
                  13.645                    0.0087400937                       314.70741
                  13.648                    0.0087052678                       317.26615
                  13.651                    0.0086900481                       319.84823
                  13.654                    0.0086946885                       322.44161
                  13.657                    0.0087193152                       325.03395
                   13.66                    0.0087639243                       327.61298
                  13.663                    0.0088283842                       330.16681
                  13.666                    0.0089124416                       332.68422
                  13.669                    0.0090157321                       335.15496
                  13.672                    0.0091377929                        337.5699
                  13.675                    0.0092780782                        339.9212
                  13.678                    0.0094359753                       342.20237
                  13.681                    0.0096108217                       344.40829
                  13.684                    0.0098019204                       346.53518
                  13.687                     0.010008555                       348.58047
                   13.69                     0.010230004                       350.54273
                  13.693                     0.010465549                       352.42154
                  13.696                     0.010714489                       354.21731
                  13.699                     0.010976143                        355.9312
                  13.702                     0.011249858                       357.56493
                  13.705                     0.011535016                       359.12067
                  13.708                     0.011831031                      0.60096001
                  13.711                     0.012137355                       2.0085789
                  13.714                     0.012453475                       3.3464729
                  13.717                     0.012778918                       4.6176864
                   13.72                     0.013113247                       5.8253041
                  13.723                     0.013456058                        6.972405
                  13.726                     0.013806982                       8.0620265
                  13.729                     0.014165685                       9.0971367
                  13.732                      0.01453186                       10.080614
                  13.735                     0.014905231                       11.015231
                  13.738                     0.015285548                       11.903648
                  13.741                     0.015672587                       12.748402
                  13.744                     0.016066148                       13.551909
                  13.747                     0.016466052                       14.316459
                   13.75                     0.016872143                        15.04422
                  13.753                     0.017284281                       15.737239
                  13.756                     0.017702347                       16.397447
                  13.759                     0.018126236                       17.026664
                  13.762                     0.018555861                       17.626598
                  13.765                     0.018991147                        18.19886
                  13.768                     0.019432035                        18.74496
                  13.771                     0.019878478                       19.266317
                  13.774                     0.020330439                       19.764265
                  13.777                     0.020787895                       20.240053
                   13.78                     0.021250831                       20.694856
                  13.783                     0.021719244                       21.129776
                  13.786                      0.02219314                       21.545846
                  13.789                     0.022672534                       21.944037
                  13.792                     0.023157447                       22.325261
                  13.795                     0.023647912                       22.690374
                  13.798                     0.024143967                       23.040178
                  13.801                     0.024645659                       23.375431
                  13.804                     0.025153042                        23.69684
                  13.807                     0.025666175                       24.005074
                   13.81                     0.026185127                        24.30076
                  13.813                     0.026709972                       24.584488
                  13.816                     0.027240789                       24.856813
                  13.819                     0.027777665                       25.118258
                  13.822                     0.028320693                       25.369315
                  13.825                     0.028869972                       25.610446
                  13.828                     0.029425607                       25.842089
                  13.831                     0.029987709                       26.064654
                  13.834                     0.030556394                        26.27853
                  13.837                     0.031131785                       26.484081
                   13.84                      0.03171401                       26.681651
                  13.843                     0.032303204                       26.871566
                  13.846                     0.032899508                       27.054132
                  13.849                     0.033503067                       27.229637
                  13.852                     0.034114034                       27.398354
                  13.855                     0.034732567                        27.56054
                  13.858                     0.035358832                       27.716437
                  13.861                     0.035992998                       27.866274
                  13.864                     0.036635244                       28.010267
                  13.867                     0.037285752                       28.148619
                   13.87                     0.037944713                        28.28152
                  13.873                     0.038612324                       28.409153
                  13.876                     0.039288788                       28.531687
                  13.879                     0.039974317                       28.649282
                  13.882                     0.040669128                       28.762089
                  13.885                     0.041373446                       28.870249
                  13.888                     0.042087505                       28.973897
                  13.891                     0.042811544                       29.073156
                  13.894                     0.043545813                       29.168144
                  13.897                     0.044290568                       29.258971
                    13.9                     0.045046075                       29.345741
                  13.903                     0.045812607                       29.428548
                  13.906                     0.046590447                       29.507483
                  13.909                     0.047379887                       29.582628
                  13.912                     0.048181228                       29.654062
                  13.915                     0.048994783                       29.721856
                  13.918                     0.049820873                       29.786077
                  13.921                     0.050659831                       29.846784
                  13.924                     0.051511998                       29.904034
                  13.927                      0.05237773                       29.957877
                   13.93                     0.053257393                        30.00836
                  13.933                     0.054151366                       30.055524
                  13.936                     0.055060038                       30.099405
                  13.939                     0.055983814                       30.140037
                  13.942                     0.056923112                       30.177447
                  13.945                     0.057878362                       30.211659
                  13.948                     0.058850011                       30.242694
                  13.951                     0.059838521                       30.270568
                  13.954                     0.060844367                       30.295292
                  13.957                     0.061868044                       30.316875
                   13.96                     0.062910063                       30.335322
                  13.963                     0.063970951                       30.350633
                  13.966                     0.065051255                       30.362805
                  13.969                     0.066151541                       30.371833
                  13.972                     0.067272396                       30.377706
                  13.975                     0.068414427                        30.38041
                  13.978                     0.069578262                       30.379929
                  13.981                     0.070764553                       30.376241
                  13.984                     0.071973976                       30.369323
                  13.987                     0.073207231                       30.359147
                   13.99                     0.074465044                        30.34568
                  13.993                     0.075748169                       30.328889
                  13.996                     0.077057387                       30.308734
                  13.999                     0.078393511                       30.285173
                  14.002                     0.079757382                       30.258161
                  14.005                     0.081149875                       30.227647
                  14.008                     0.082571899                       30.193577
                  14.011                     0.084024399                       30.155895
                  14.014                     0.085508357                       30.114537
                  14.017                     0.087024793                        30.06944
                   14.02                     0.088574769                       30.020532
                  14.023                     0.090159391                       29.967739
                  14.026                      0.09177981                       29.910983
                  14.029                     0.093437221                       29.850179
                  14.032                     0.095132874                       29.785241
                  14.035                     0.096868069                       29.716075
                  14.038                      0.09864416                       29.642582
                  14.041                      0.10046256                       29.564659
                  14.044                      0.10232474                       29.482197
                  14.047                      0.10423225                       29.395082
                   14.05                      0.10618668                       29.303191
                  14.053                      0.10818972                       29.206399
                  14.056                      0.11024312                       29.104571
                  14.059                      0.11234871                       28.997566
                  14.062                       0.1145084                       28.885237
                  14.065                       0.1167242                       28.767429
                  14.068                       0.1189982                       28.643977
                  14.071                       0.1213326                       28.514709
                  14.074                       0.1237297                       28.379445
                  14.077                      0.12619191                       28.237994
                   14.08                      0.12872175                       28.090156
                  14.083                      0.13132187                        27.93572
                  14.086                      0.13399505                       27.774464
                  14.089                      0.13674421                       27.606155
                  14.092                      0.13957241                       27.430546
                  14.095                      0.14248285                       27.247377
                  14.098                      0.14547894                       27.056375
                  14.101                      0.14856422                       26.857251
                  14.104                      0.15174242                         26.6497
                  14.107                       0.1550175                         26.4334
                   14.11                      0.15839358                        26.20801
                  14.113                      0.16187503                       25.973171
                  14.116                      0.16546646                       25.728503
                  14.119                       0.1691727                       25.473601
                  14.122                      0.17299886                       25.208041
                  14.125                      0.17695034                       24.931368
                  14.128                      0.18103282                       24.643103
                  14.131                       0.1852523                       24.342738
                  14.134                      0.18961513                        24.02973
                  14.137                      0.19412798                       23.703507
                   14.14                      0.19879794                       23.363455
                  14.143                      0.20363246                       23.008926
                  14.146                      0.20863945                       22.639226
                  14.149                      0.21382723                       22.253617
                  14.152                      0.21920462                       21.851312
                  14.155                      0.22478092                       21.431471
                  14.158                      0.23056596                       20.993197
                  14.161                      0.23657014                       20.535532
                  14.164                       0.2428044                       20.057451
                  14.167                      0.24928031                       19.557857
                   14.17                      0.25601006                       19.035577
                  14.173                      0.26300648                       18.489355
                  14.176                      0.27028306                       17.917844
                  14.179                        0.277854                         17.3196
                  14.182                      0.28573414                       16.693075
                  14.185                      0.29393903                       16.036609
                  14.188                      0.30248488                       15.348421
                  14.191                      0.31138853                       14.626601
                  14.194                      0.32066741                       13.869098
                  14.197                      0.33033944                       13.073716
                    14.2                      0.34042298                       12.238098
                  14.203                      0.35093661                       11.359722
                  14.206                      0.36189899                       10.435889
                  14.209                      0.37332858                       9.4637134
                  14.212                      0.38524331                       8.4401198
                  14.215                      0.39766019                       7.3618344
                  14.218                      0.41059472                       6.2253834
                  14.221                      0.42406033                       5.0270939
                  14.224                      0.43806748                       3.7631003
                  14.227                      0.45262275                       2.4293562
                   14.23                      0.46772765                       1.0216561
                  14.233                      0.48337724                       359.53567
                  14.236                      0.49955847                       357.96697
                  14.239                      0.51624838                       356.31114
                  14.242                      0.53341197                       354.56379
                  14.245                      0.55099994                       352.72073
                  14.248                      0.56894628                       350.77802
                  14.251                      0.58716592                       348.73222
                  14.254                      0.60555241                        346.5805
                  14.257                      0.62397618                       344.32091
                   14.26                      0.64228336                       341.95256
                  14.263                      0.66029574                       339.47595
                  14.266                      0.67781217                       336.89315
                  14.269                      0.69461173                       334.20808
                  14.272                      0.71045905                       331.42671
                  14.275                       0.7251118                       328.55716
                  14.278                      0.73833014                       325.60978
                  14.281                      0.74988785                       322.59704
                  14.284                      0.75958405                       319.53333
                  14.287                      0.76725462                       316.43462
                   14.29                        0.772782                       313.31798
                  14.293                      0.77610221                       310.20107
                  14.296                      0.77720829                       307.10149
                  14.299                      0.77614964                       304.03619
                  14.302                      0.77302757                       301.02096
                  14.305                      0.76798757                       298.06997
                  14.308                      0.76120936                        295.1954
                  14.311                      0.75289597                       292.40731
                  14.314                      0.74326283                       289.71354
                  14.317                      0.73252788                       287.11977
                   14.32                      0.72090332                       284.62968
                  14.323                      0.70858917                       282.24511
                  14.326                      0.69576891                       279.96636
                  14.329                      0.68260673                       277.79241
                  14.332                      0.66924645                       275.72116
                  14.335                      0.65581149                        273.7497
                  14.338                      0.64240576                       271.87452
                  14.341                      0.62911511                       270.09165
                  14.344                      0.61600904                       268.39686
                  14.347                      0.60314267                       266.78577
                   14.35                      0.59055855                       265.25394
                  14.353                      0.57828857                       263.79699
                  14.356                      0.56635559                       262.41059
                  14.359                      0.55477496                       261.09056
                  14.362                      0.54355586                        259.8329
                  14.365                      0.53270245                       258.63377
                  14.368                      0.52221488                       257.48952
                  14.371                       0.5120901                       256.39672
                  14.374                      0.50232259                       255.35213
                  14.377                      0.49290492                       254.35272
                   14.38                      0.48382825                       253.39562
                  14.383                       0.4750827                       252.47817
                  14.386                      0.46665772                       251.59788
                  14.389                      0.45854228                       250.75244
                  14.392                      0.45072513                       249.93966
                  14.395                      0.44319492                       249.15753
                  14.398                      0.43594037                       248.40416
                  14.401                      0.42895034                       247.67781
                  14.404                      0.42221392                       246.97684
                  14.407                      0.41572045                       246.29972
                   14.41                      0.40945963                       245.64504
                  14.413                      0.40342148                       245.01148
                  14.416                       0.3975964                       244.39779
                  14.419                      0.39197514                       243.80283
                  14.422                      0.38654886                       243.22553
                  14.425                      0.38130907                       242.66488
                  14.428                      0.37624768                       242.11994
                  14.431                      0.37135694                       241.58983
                  14.434                      0.36662947                       241.07374
                  14.437                      0.36205824                        240.5709
                   14.44                      0.35763653                       240.08059
                  14.443                      0.35335797                       239.60213
                  14.446                      0.34921647                       239.13489
                  14.449                      0.34520624                       238.67827
                  14.452                       0.3413218                       238.23173
                  14.455                      0.33755788                       237.79474
                  14.458                      0.33390952                       237.36679
                  14.461                      0.33037196                       236.94744
                  14.464                       0.3269407                       236.53624
                  14.467                      0.32361144                       236.13279
                   14.47                      0.32038009                       235.73669
                  14.473                      0.31724276                       235.34759
                  14.476                      0.31419574                       234.96513
                  14.479                       0.3112355                       234.58899
                  14.482                      0.30835867                       234.21886
                  14.485                      0.30556206                       233.85446
                  14.488                      0.30284261                        233.4955
                  14.491                      0.30019739                       233.14173
                  14.494                      0.29762363                        232.7929
                  14.497                      0.29511869                       232.44878
                    14.5                      0.29268001                       232.10915

