                        S2(2),1(1)/abs,linear                S2(2),1(1)/arg,degrees
----------------------------------------------------------------------------------------------------------------
                    11.5                      0.58921936                       38.121378
                  11.503                      0.60103754                       36.615722
                  11.506                      0.61204955                       35.150597
                  11.509                      0.62233054                       33.724733
                  11.512                      0.63194821                       32.336613
                  11.515                      0.64096342                       30.984575
                  11.518                      0.64943087                       29.666896
                  11.521                       0.6573996                       28.381839
                  11.524                      0.66491364                       27.127691
                  11.527                      0.67201249                       25.902791
                   11.53                      0.67873161                       24.705539
                  11.533                      0.68510286                        23.53441
                  11.536                      0.69115488                       22.387957
                  11.539                      0.69691345                       21.264816
                  11.542                       0.7024018                       20.163699
                  11.545                       0.7076409                       19.083401
                  11.548                      0.71264967                       18.022788
                  11.551                      0.71744525                       16.980803
                  11.554                      0.72204315                       15.956453
                  11.557                      0.72645744                       14.948812
                   11.56                      0.73070091                       13.957016
                  11.563                       0.7347852                       12.980254
                  11.566                      0.73872089                       12.017772
                  11.569                      0.74251766                       11.068864
                  11.572                      0.74618435                       10.132869
                  11.575                      0.74972903                       9.2091694
                  11.578                      0.75315913                       8.2971885
                  11.581                      0.75648143                       7.3963857
                  11.584                      0.75970218                       6.5062545
                  11.587                      0.76282714                       5.6263207
                   11.59                       0.7658616                       4.7561396
                  11.593                      0.76881045                       3.8952937
                  11.596                      0.77167821                       3.0433914
                  11.599                      0.77446905                       2.2000645
                  11.602                      0.77718686                       1.3649671
                  11.605                      0.77983521                      0.53777362
                  11.608                      0.78241745                       359.71818
                  11.611                      0.78493668                       358.90589
                  11.614                      0.78739579                       358.10064
                  11.617                      0.78979747                       357.30217
                   11.62                      0.79214424                       356.51023
                  11.623                      0.79443844                       355.72461
                  11.626                      0.79668227                       354.94507
                  11.629                      0.79887779                       354.17142
                  11.632                      0.80102693                       353.40347
                  11.635                      0.80313151                       352.64102
                  11.638                      0.80519323                       351.88391
                  11.641                      0.80721369                       351.13196
                  11.644                       0.8091944                       350.38503
                  11.647                      0.81113678                       349.64296
                   11.65                      0.81304218                       348.90561
                  11.653                      0.81491188                       348.17285
                  11.656                      0.81674706                       347.44455
                  11.659                      0.81854887                       346.72058
                  11.662                      0.82031839                       346.00083
                  11.665                      0.82205664                       345.28518
                  11.668                      0.82376458                       344.57354
                  11.671                      0.82544315                        343.8658
                  11.674                      0.82709323                       343.16186
                  11.677                      0.82871564                       342.46163
                   11.68                      0.83031119                       341.76502
                  11.683                      0.83188064                       341.07195
                  11.686                      0.83342471                       340.38234
                  11.689                      0.83494409                        339.6961
                  11.692                      0.83643947                       339.01317
                  11.695                      0.83791146                       338.33347
                  11.698                      0.83936067                       337.65693
                  11.701                       0.8407877                       336.98348
                  11.704                       0.8421931                       336.31307
                  11.707                      0.84357741                       335.64563
                   11.71                      0.84494115                        334.9811
                  11.713                      0.84628481                       334.31943
                  11.716                      0.84760887                       333.66056
                  11.719                       0.8489138                       333.00443
                  11.722                      0.85020004                       332.35101
                  11.725                      0.85146802                       331.70023
                  11.728                      0.85271814                       331.05205
                  11.731                      0.85395082                       330.40643
                  11.734                      0.85516644                       329.76332
                  11.737                      0.85636536                       329.12268
                   11.74                      0.85754796                       328.48447
                  11.743                      0.85871457                       327.84864
                  11.746                      0.85986554                       327.21516
                  11.749                       0.8610012                       326.58399
                  11.752                      0.86212186                       325.95509
                  11.755                      0.86322784                       325.32843
                  11.758                      0.86431943                       324.70398
                  11.761                      0.86539691                        324.0817
                  11.764                      0.86646058                       323.46155
                  11.767                      0.86751071                       322.84352
                   11.77                      0.86854757                       322.22755
                  11.773                      0.86957141                       321.61364
                  11.776                      0.87058248                       321.00174
                  11.779                      0.87158103                       320.39184
                  11.782                      0.87256731                       319.78389
                  11.785                      0.87354154                       319.17788
                  11.788                      0.87450395                       318.57378
                  11.791                      0.87545476                       317.97157
                  11.794                      0.87639419                       317.37121
                  11.797                      0.87732244                       316.77269
                    11.8                      0.87823973                       316.17598
                  11.803                      0.87914625                       315.58106
                  11.806                      0.88004219                        314.9879
                  11.809                      0.88092776                       314.39649
                  11.812                      0.88180313                        313.8068
                  11.815                      0.88266849                       313.21881
                  11.818                      0.88352402                       312.63251
                  11.821                      0.88436988                       312.04786
                  11.824                      0.88520625                       311.46485
                  11.827                       0.8860333                       310.88347
                   11.83                      0.88685119                       310.30369
                  11.833                      0.88766007                       309.72549
                  11.836                      0.88846011                       309.14886
                  11.839                      0.88925145                       308.57378
                  11.842                      0.89003425                       308.00023
                  11.845                      0.89080864                       307.42819
                  11.848                      0.89157478                       306.85765
                  11.851                       0.8923328                       306.28859
                  11.854                      0.89308284                       305.72099
                  11.857                      0.89382503                       305.15484
                   11.86                      0.89455951                       304.59013
                  11.863                       0.8952864                       304.02683
                  11.866                      0.89600583                       303.46494
                  11.869                      0.89671792                       302.90443
                  11.872                      0.89742279                        302.3453
                  11.875                      0.89812057                       301.78752
                  11.878                      0.89881136                       301.23109
                  11.881                      0.89949529                         300.676
                  11.884                      0.90017246                       300.12222
                  11.887                      0.90084298                       299.56974
                   11.89                      0.90150696                       299.01855
                  11.893                      0.90216451                       298.46865
                  11.896                      0.90281573                          297.92
                  11.899                      0.90346072                       297.37261
                  11.902                      0.90409957                       296.82646
                  11.905                       0.9047324                       296.28154
                  11.908                      0.90535928                       295.73784
                  11.911                      0.90598032                       295.19534
                  11.914                       0.9065956                       294.65403
                  11.917                      0.90720523                        294.1139
                   11.92                      0.90780927                       293.57495
                  11.923                      0.90840783                       293.03715
                  11.926                      0.90900099                        292.5005
                  11.929                      0.90958882                       291.96499
                  11.932                      0.91017142                        291.4306
                  11.935                      0.91074886                       290.89733
                  11.938                      0.91132122                       290.36516
                  11.941                      0.91188858                       289.83409
                  11.944                      0.91245101                        289.3041
                  11.947                      0.91300859                       288.77519
                   11.95                      0.91356139                       288.24734
                  11.953                      0.91410948                       287.72055
                  11.956                      0.91465293                       287.19481
                  11.959                      0.91519182                        286.6701
                  11.962                       0.9157262                       286.14641
                  11.965                      0.91625615                       285.62375
                  11.968                      0.91678173                       285.10209
                  11.971                        0.917303                       284.58143
                  11.974                      0.91782003                       284.06176
                  11.977                      0.91833288                       283.54308
                   11.98                       0.9188416                       283.02537
                  11.983                      0.91934626                       282.50862
                  11.986                      0.91984692                       281.99283
                  11.989                      0.92034363                       281.47798
                  11.992                      0.92083644                       280.96407
                  11.995                      0.92132542                        280.4511
                  11.998                      0.92181062                       279.93905
                  12.001                      0.92229209                       279.42791
                  12.004                      0.92276987                       278.91768
                  12.007                      0.92324403                       278.40835
                   12.01                      0.92371461                       277.89992
                  12.013                      0.92418166                       277.39236
                  12.016                      0.92464523                       276.88569
                  12.019                      0.92510536                       276.37988
                  12.022                      0.92556211                       275.87493
                  12.025                      0.92601551                       275.37084
                  12.028                      0.92646562                        274.8676
                  12.031                      0.92691247                       274.36519
                  12.034                       0.9273561                       273.86362
                  12.037                      0.92779657                       273.36288
                   12.04                      0.92823391                       272.86295
                  12.043                      0.92866815                       272.36384
                  12.046                      0.92909935                       271.86554
                  12.049                      0.92952754                       271.36803
                  12.052                      0.92995276                       270.87132
                  12.055                      0.93037504                       270.37539
                  12.058                      0.93079442                       269.88024
                  12.061                      0.93121095                       269.38587
                  12.064                      0.93162464                       268.89227
                  12.067                      0.93203554                       268.39942
                   12.07                      0.93244369                       267.90733
                  12.073                      0.93284911                       267.41599
                  12.076                      0.93325183                       266.92539
                  12.079                       0.9336519                       266.43553
                  12.082                      0.93404934                       265.94641
                  12.085                      0.93444418                         265.458
                  12.088                      0.93483645                       264.97032
                  12.091                      0.93522619                       264.48335
                  12.094                      0.93561341                       263.99709
                  12.097                      0.93599816                       263.51153
                    12.1                      0.93638045                       263.02667
                  12.103                      0.93676032                        262.5425
                  12.106                      0.93713779                       262.05902
                  12.109                      0.93751289                       261.57622
                  12.112                      0.93788564                       261.09409
                  12.115                      0.93825608                       260.61264
                  12.118                      0.93862422                       260.13185
                  12.121                      0.93899009                       259.65172
                  12.124                      0.93935371                       259.17225
                  12.127                      0.93971511                       258.69343
                   12.13                      0.94007431                       258.21526
                  12.133                      0.94043133                       257.73772
                  12.136                       0.9407862                       257.26082
                  12.139                      0.94113893                       256.78456
                  12.142                      0.94148955                       256.30892
                  12.145                      0.94183809                        255.8339
                  12.148                      0.94218455                        255.3595
                  12.151                      0.94252896                       254.88571
                  12.154                      0.94287134                       254.41253
                  12.157                      0.94321171                       253.93995
                   12.16                      0.94355009                       253.46797
                  12.163                       0.9438865                       252.99659
                  12.166                      0.94422095                        252.5258
                  12.169                      0.94455347                       252.05559
                  12.172                      0.94488407                       251.58597
                  12.175                      0.94521276                       251.11692
                  12.178                      0.94553958                       250.64845
                  12.181                      0.94586452                       250.18055
                  12.184                      0.94618762                       249.71321
                  12.187                      0.94650888                       249.24644
                   12.19                      0.94682832                       248.78022
                  12.193                      0.94714595                       248.31456
                  12.196                       0.9474618                       247.84944
                  12.199                      0.94777588                       247.38487
                  12.202                      0.94808819                       246.92085
                  12.205                      0.94839876                       246.45736
                  12.208                       0.9487076                       245.99441
                  12.211                      0.94901473                       245.53199
                  12.214                      0.94932015                       245.07009
                  12.217                      0.94962389                       244.60872
                   12.22                      0.94992594                       244.14787
                  12.223                      0.95022634                       243.68753
                  12.226                      0.95052508                       243.22771
                  12.229                      0.95082219                        242.7684
                  12.232                      0.95111767                       242.30959
                  12.235                      0.95141154                       241.85129
                  12.238                      0.95170381                       241.39348
                  12.241                      0.95199448                       240.93617
                  12.244                      0.95228358                       240.47936
                  12.247                      0.95257111                       240.02303
                   12.25                      0.95285708                       239.56719
                  12.253                      0.95314151                       239.11183
                  12.256                      0.95342441                       238.65696
                  12.259                      0.95370578                       238.20256
                  12.262                      0.95398563                       237.74863
                  12.265                      0.95426398                       237.29517
                  12.268                      0.95454084                       236.84219
                  12.271                      0.95481622                       236.38966
                  12.274                      0.95509012                        235.9376
                  12.277                      0.95536255                       235.48599
                   12.28                      0.95563354                       235.03485
                  12.283                      0.95590307                       234.58415
                  12.286                      0.95617117                        234.1339
                  12.289                      0.95643784                       233.68411
                  12.292                      0.95670309                       233.23475
                  12.295                      0.95696693                       232.78584
                  12.298                      0.95722937                       232.33737
                  12.301                      0.95749042                       231.88933
                  12.304                      0.95775008                       231.44172
                  12.307                      0.95800836                       230.99455
                   12.31                      0.95826528                       230.54781
                  12.313                      0.95852083                       230.10149
                  12.316                      0.95877503                       229.65559
                  12.319                      0.95902789                       229.21012
                  12.322                      0.95927941                       228.76506
                  12.325                      0.95952959                       228.32041
                  12.328                      0.95977846                       227.87619
                  12.331                      0.96002601                       227.43237
                  12.334                      0.96027225                       226.98896
                  12.337                       0.9605172                       226.54595
                   12.34                      0.96076084                       226.10335
                  12.343                       0.9610032                       225.66115
                  12.346                      0.96124429                       225.21935
                  12.349                      0.96148409                       224.77794
                  12.352                      0.96172264                       224.33693
                  12.355                      0.96195992                       223.89631
                  12.358                      0.96219595                       223.45608
                  12.361                      0.96243073                       223.01623
                  12.364                      0.96266427                       222.57677
                  12.367                      0.96289658                        222.1377
                   12.37                      0.96312766                         221.699
                  12.373                      0.96335752                       221.26069
                  12.376                      0.96358617                       220.82275
                  12.379                       0.9638136                       220.38518
                  12.382                      0.96403983                       219.94799
                  12.385                      0.96426487                       219.51117
                  12.388                      0.96448872                       219.07471
                  12.391                      0.96471138                       218.63863
                  12.394                      0.96493286                        218.2029
                  12.397                      0.96515316                       217.76754
                    12.4                       0.9653723                       217.33254
                  12.403                      0.96559028                        216.8979
                  12.406                       0.9658071                       216.46361
                  12.409                      0.96602277                       216.02968
                  12.412                      0.96623729                        215.5961
                  12.415                      0.96645068                       215.16287
                  12.418                      0.96666293                       214.72999
                  12.421                      0.96687405                       214.29746
                  12.424                      0.96708405                       213.86527
                  12.427                      0.96729292                       213.43343
                   12.43                      0.96750069                       213.00193
                  12.433                      0.96770735                       212.57077
                  12.436                       0.9679129                       212.13994
                  12.439                      0.96811736                       211.70945
                  12.442                      0.96832073                        211.2793
                  12.445                      0.96852301                       210.84948
                  12.448                      0.96872421                       210.41999
                  12.451                      0.96892433                       209.99083
                  12.454                      0.96912338                         209.562
                  12.457                      0.96932136                        209.1335
                   12.46                      0.96951828                       208.70532
                  12.463                      0.96971414                       208.27746
                  12.466                      0.96990895                       207.84992
                  12.469                      0.97010272                       207.42271
                  12.472                      0.97029544                       206.99581
                  12.475                      0.97048712                       206.56923
                  12.478                      0.97067778                       206.14296
                  12.481                       0.9708674                       205.71701
                  12.484                        0.971056                       205.29137
                  12.487                      0.97124359                       204.86604
                   12.49                      0.97143016                       204.44102
                  12.493                      0.97161572                       204.01631
                  12.496                      0.97180028                        203.5919
                  12.499                      0.97198384                        203.1678
                  12.502                       0.9721664                         202.744
                  12.505                      0.97234798                        202.3205
                  12.508                      0.97252857                        201.8973
                  12.511                      0.97270818                        201.4744
                  12.514                      0.97288681                        201.0518
                  12.517                      0.97306448                        200.6295
                   12.52                      0.97324117                       200.20749
                  12.523                      0.97341691                       199.78577
                  12.526                      0.97359168                       199.36435
                  12.529                      0.97376551                       198.94321
                  12.532                      0.97393838                       198.52237
                  12.535                      0.97411031                       198.10181
                  12.538                       0.9742813                       197.68154
                  12.541                      0.97445136                       197.26155
                  12.544                      0.97462049                       196.84185
                  12.547                      0.97478868                       196.42243
                   12.55                      0.97495596                       196.00329
                  12.553                      0.97512232                       195.58444
                  12.556                      0.97528777                       195.16586
                  12.559                      0.97545231                       194.74756
                  12.562                      0.97561595                       194.32953
                  12.565                      0.97577869                       193.91178
                  12.568                      0.97594053                       193.49431
                  12.571                      0.97610148                        193.0771
                  12.574                      0.97626154                       192.66017
                  12.577                      0.97642072                       192.24351
                   12.58                      0.97657903                       191.82712
                  12.583                      0.97673646                       191.41099
                  12.586                      0.97689302                       190.99513
                  12.589                      0.97704872                       190.57954
                  12.592                      0.97720356                       190.16421
                  12.595                      0.97735754                       189.74915
                  12.598                      0.97751067                       189.33434
                  12.601                      0.97766295                        188.9198
                  12.604                      0.97781438                       188.50552
                  12.607                      0.97796498                        188.0915
                   12.61                      0.97811475                       187.67773
                  12.613                      0.97826368                       187.26422
                  12.616                      0.97841178                       186.85096
                  12.619                      0.97855907                       186.43796
                  12.622                      0.97870553                       186.02522
                  12.625                      0.97885119                       185.61272
                  12.628                      0.97899603                       185.20048
                  12.631                      0.97914006                       184.78848
                  12.634                       0.9792833                       184.37674
                  12.637                      0.97942574                       183.96524
                   12.64                      0.97956738                       183.55399
                  12.643                      0.97970823                       183.14298
                  12.646                       0.9798483                       182.73222
                  12.649                      0.97998759                        182.3217
                  12.652                       0.9801261                       181.91143
                  12.655                      0.98026384                       181.50139
                  12.658                      0.98040081                        181.0916
                  12.661                      0.98053702                       180.68204
                  12.664                      0.98067246                       180.27273
                  12.667                      0.98080715                       179.86365
                   12.67                      0.98094109                       179.45481
                  12.673                      0.98107427                        179.0462
                  12.676                      0.98120671                       178.63783
                  12.679                      0.98133841                       178.22969
                  12.682                      0.98146938                       177.82179
                  12.685                      0.98159961                       177.41411
                  12.688                      0.98172911                       177.00667
                  12.691                      0.98185789                       176.59945
                  12.694                      0.98198594                       176.19247
                  12.697                      0.98211328                       175.78571
                    12.7                       0.9822399                       175.37918
                  12.703                      0.98236582                       174.97288
                  12.706                      0.98249103                       174.56679
                  12.709                      0.98261553                       174.16094
                  12.712                      0.98273934                        173.7553
                  12.715                      0.98286246                       173.34989
                  12.718                      0.98298488                        172.9447
                  12.721                      0.98310662                       172.53973
                  12.724                      0.98322767                       172.13498
                  12.727                      0.98334804                       171.73045
                   12.73                      0.98346774                       171.32614
                  12.733                      0.98358676                       170.92204
                  12.736                      0.98370512                       170.51816
                  12.739                      0.98382281                       170.11449
                  12.742                      0.98393985                       169.71103
                  12.745                      0.98405622                       169.30779
                  12.748                      0.98417194                       168.90477
                  12.751                      0.98428701                       168.50195
                  12.754                      0.98440143                       168.09934
                  12.757                      0.98451521                       167.69694
                   12.76                      0.98462835                       167.29476
                  12.763                      0.98474085                       166.89277
                  12.766                      0.98485272                         166.491
                  12.769                      0.98496397                       166.08943
                  12.772                      0.98507458                       165.68807
                  12.775                      0.98518458                       165.28691
                  12.778                      0.98529395                       164.88596
                  12.781                      0.98540271                       164.48521
                  12.784                      0.98551086                       164.08466
                  12.787                      0.98561839                       163.68431
                   12.79                      0.98572533                       163.28416
                  12.793                      0.98583166                       162.88421
                  12.796                      0.98593739                       162.48446
                  12.799                      0.98604253                        162.0849
                  12.802                      0.98614707                       161.68555
                  12.805                      0.98625103                       161.28639
                  12.808                       0.9863544                       160.88742
                  12.811                      0.98645718                       160.48865
                  12.814                      0.98655939                       160.09007
                  12.817                      0.98666102                       159.69169
                   12.82                      0.98676208                       159.29349
                  12.823                      0.98686257                       158.89549
                  12.826                      0.98696249                       158.49768
                  12.829                      0.98706184                       158.10006
                  12.832                      0.98716064                       157.70262
                  12.835                      0.98725888                       157.30538
                  12.838                      0.98735656                       156.90832
                  12.841                      0.98745369                       156.51145
                  12.844                      0.98755027                       156.11476
                  12.847                      0.98764631                       155.71826
                   12.85                       0.9877418                       155.32194
                  12.853                      0.98783675                       154.92581
                  12.856                      0.98793117                       154.52986
                  12.859                      0.98802505                       154.13409
                  12.862                       0.9881184                        153.7385
                  12.865                      0.98821122                       153.34309
                  12.868                      0.98830351                       152.94786
                  12.871                      0.98839528                       152.55281
                  12.874                      0.98848653                       152.15793
                  12.877                      0.98857727                       151.76324
                   12.88                      0.98866748                       151.36872
                  12.883                      0.98875719                       150.97437
                  12.886                      0.98884638                        150.5802
                  12.889                      0.98893507                        150.1862
                  12.892                      0.98902325                       149.79238
                  12.895                      0.98911093                       149.39873
                  12.898                      0.98919811                       149.00525
                  12.901                      0.98928479                       148.61194
                  12.904                      0.98937098                       148.21881
                  12.907                      0.98945667                       147.82584
                   12.91                      0.98954187                       147.43304
                  12.913                      0.98962659                       147.04041
                  12.916                      0.98971082                       146.64794
                  12.919                      0.98979457                       146.25564
                  12.922                      0.98987784                       145.86351
                  12.925                      0.98996063                       145.47154
                  12.928                      0.99004295                       145.07974
                  12.931                      0.99012479                        144.6881
                  12.934                      0.99020616                       144.29662
                  12.937                      0.99028706                       143.90531
                   12.94                      0.99036749                       143.51415
                  12.943                      0.99044746                       143.12316
                  12.946                      0.99052696                       142.73233
                  12.949                      0.99060601                       142.34166
                  12.952                      0.99068459                       141.95114
                  12.955                      0.99076272                       141.56078
                  12.958                       0.9908404                       141.17058
                  12.961                      0.99091762                       140.78054
                  12.964                      0.99099439                       140.39065
                  12.967                      0.99107072                       140.00091
                   12.97                      0.99114659                       139.61133
                  12.973                      0.99122203                       139.22191
                  12.976                      0.99129702                       138.83263
                  12.979                      0.99137156                       138.44351
                  12.982                      0.99144567                       138.05454
                  12.985                      0.99151935                       137.66572
                  12.988                      0.99159258                       137.27705
                  12.991                      0.99166539                       136.88853
                  12.994                      0.99173776                       136.50015
                  12.997                       0.9918097                       136.11193
                      13                      0.99188121                       135.72385
                  13.003                       0.9919523                       135.33592
                  13.006                      0.99202296                       134.94813
                  13.009                      0.99209319                       134.56049
                  13.012                      0.99216301                       134.17299
                  13.015                       0.9922324                       133.78564
                  13.018                      0.99230138                       133.39843
                  13.021                      0.99236994                       133.01136
                  13.024                      0.99243808                       132.62443
                  13.027                      0.99250581                       132.23765
                   13.03                      0.99257312                         131.851
                  13.033                      0.99264003                       131.46449
                  13.036                      0.99270652                       131.07812
                  13.039                      0.99277261                       130.69189
                  13.042                      0.99283829                        130.3058
                  13.045                      0.99290356                       129.91984
                  13.048                      0.99296843                       129.53402
                  13.051                      0.99303289                       129.14833
                  13.054                      0.99309696                       128.76278
                  13.057                      0.99316062                       128.37736
                   13.06                      0.99322388                       127.99208
                  13.063                      0.99328674                       127.60693
                  13.066                      0.99334921                       127.22191
                  13.069                      0.99341128                       126.83702
                  13.072                      0.99347296                       126.45226
                  13.075                      0.99353425                       126.06763
                  13.078                      0.99359514                       125.68313
                  13.081                      0.99365564                       125.29875
                  13.084                      0.99371575                       124.91451
                  13.087                      0.99377547                       124.53039
                   13.09                       0.9938348                        124.1464
                  13.093                      0.99389375                       123.76254
                  13.096                      0.99395231                       123.37879
                  13.099                      0.99401048                       122.99518
                  13.102                      0.99406827                       122.61168
                  13.105                      0.99412568                       122.22831
                  13.108                      0.99418271                       121.84507
                  13.111                      0.99423935                       121.46194
                  13.114                      0.99429562                       121.07893
                  13.117                       0.9943515                       120.69605
                   13.12                      0.99440701                       120.31328
                  13.123                      0.99446214                       119.93064
                  13.126                      0.99451689                       119.54811
                  13.129                      0.99457126                        119.1657
                  13.132                      0.99462526                        118.7834
                  13.135                      0.99467889                       118.40122
                  13.138                      0.99473214                       118.01916
                  13.141                      0.99478502                       117.63721
                  13.144                      0.99483753                       117.25538
                  13.147                      0.99488966                       116.87365
                   13.15                      0.99494142                       116.49205
                  13.153                      0.99499282                       116.11055
                  13.156                      0.99504384                       115.72917
                  13.159                       0.9950945                       115.34789
                  13.162                      0.99514478                       114.96673
                  13.165                       0.9951947                       114.58567
                  13.168                      0.99524426                       114.20473
                  13.171                      0.99529344                       113.82389
                  13.174                      0.99534226                       113.44316
                  13.177                      0.99539072                       113.06253
                   13.18                      0.99543881                       112.68201
                  13.183                      0.99548654                        112.3016
                  13.186                       0.9955339                       111.92129
                  13.189                       0.9955809                       111.54109
                  13.192                      0.99562753                       111.16099
                  13.195                      0.99567381                       110.78099
                  13.198                      0.99571972                       110.40109
                  13.201                      0.99576528                        110.0213
                  13.204                      0.99581047                        109.6416
                  13.207                       0.9958553                       109.26201
                   13.21                      0.99589977                       108.88251
                  13.213                      0.99594389                       108.50311
                  13.216                      0.99598764                       108.12381
                  13.219                      0.99603104                       107.74461
                  13.222                      0.99607407                        107.3655
                  13.225                      0.99611675                       106.98649
                  13.228                      0.99615908                       106.60758
                  13.231                      0.99620104                       106.22876
                  13.234                      0.99624265                       105.85003
                  13.237                      0.99628391                        105.4714
                   13.24                       0.9963248                       105.09285
                  13.243                      0.99636535                        104.7144
                  13.246                      0.99640554                       104.33604
                  13.249                      0.99644537                       103.95777
                  13.252                      0.99648485                       103.57959
                  13.255                      0.99652397                        103.2015
                  13.258                      0.99656274                        102.8235
                  13.261                      0.99660116                       102.44558
                  13.264                      0.99663923                       102.06775
                  13.267                      0.99667694                       101.69001
                   13.27                       0.9967143                       101.31235
                  13.273                       0.9967513                       100.93478
                  13.276                      0.99678796                       100.55729
                  13.279                      0.99682426                       100.17988
                  13.282                      0.99686022                       99.802561
                  13.285                      0.99689582                       99.425319
                  13.288                      0.99693107                       99.048158
                  13.291                      0.99696597                       98.671077
                  13.294                      0.99700052                       98.294076
                  13.297                      0.99703472                       97.917154
                    13.3                      0.99706857                        97.54031
                  13.303                      0.99710207                       97.163543
                  13.306                      0.99713522                       96.786853
                  13.309                      0.99716802                       96.410238
                  13.312                      0.99720048                       96.033699
                  13.315                      0.99723258                       95.657235
                  13.318                      0.99726434                       95.280844
                  13.321                      0.99729575                       94.904526
                  13.324                      0.99732681                        94.52828
                  13.327                      0.99735752                       94.152106
                   13.33                      0.99738789                       93.776003
                  13.333                      0.99741791                       93.399969
                  13.336                      0.99744758                       93.024005
                  13.339                       0.9974769                       92.648109
                  13.342                      0.99750588                        92.27228
                  13.345                      0.99753452                       91.896519
                  13.348                       0.9975628                       91.520824
                  13.351                      0.99759074                       91.145194
                  13.354                      0.99761834                       90.769629
                  13.357                      0.99764559                       90.394127
                   13.36                       0.9976725                       90.018689
                  13.363                      0.99769906                       89.643313
                  13.366                      0.99772527                       89.267998
                  13.369                      0.99775115                       88.892744
                  13.372                      0.99777668                       88.517549
                  13.375                      0.99780186                       88.142414
                  13.378                       0.9978267                       87.767337
                  13.381                       0.9978512                       87.392317
                  13.384                      0.99787535                       87.017354
                  13.387                      0.99789917                       86.642447
                   13.39                      0.99792263                       86.267594
                  13.393                      0.99794576                       85.892796
                  13.396                      0.99796855                        85.51805
                  13.399                      0.99799099                       85.143357
                  13.402                      0.99801309                       84.768716
                  13.405                      0.99803485                       84.394125
                  13.408                      0.99805627                       84.019585
                  13.411                      0.99807735                       83.645093
                  13.414                      0.99809809                       83.270649
                  13.417                      0.99811849                       82.896252
                   13.42                      0.99813854                       82.521902
                  13.423                      0.99815826                       82.147597
                  13.426                      0.99817764                       81.773336
                  13.429                      0.99819668                        81.39912
                  13.432                      0.99821538                       81.024945
                  13.435                      0.99823375                       80.650813
                  13.438                      0.99825177                       80.276722
                  13.441                      0.99826946                        79.90267
                  13.444                       0.9982868                       79.528657
                  13.447                      0.99830382                       79.154683
                   13.45                      0.99832049                       78.780745
                  13.453                      0.99833683                       78.406844
                  13.456                      0.99835283                       78.032977
                  13.459                      0.99836849                       77.659145
                  13.462                      0.99838382                       77.285346
                  13.465                      0.99839881                       76.911579
                  13.468                      0.99841347                       76.537844
                  13.471                      0.99842779                       76.164138
                  13.474                      0.99844178                       75.790462
                  13.477                      0.99845544                       75.416813
                   13.48                      0.99846875                       75.043192
                  13.483                      0.99848174                       74.669597
                  13.486                      0.99849439                       74.296027
                  13.489                      0.99850671                        73.92248
                  13.492                       0.9985187                       73.548956
                  13.495                      0.99853035                       73.175454
                  13.498                      0.99854167                       72.801973
                  13.501                      0.99855266                       72.428511
                  13.504                      0.99856332                       72.055067
                  13.507                      0.99857365                       71.681641
                   13.51                      0.99858364                       71.308231
                  13.513                      0.99859331                       70.934835
                  13.516                      0.99860264                       70.561454
                  13.519                      0.99861164                       70.188084
                  13.522                      0.99862032                       69.814727
                  13.525                      0.99862866                       69.441379
                  13.528                      0.99863668                        69.06804
                  13.531                      0.99864436                       68.694709
                  13.534                      0.99865172                       68.321384
                  13.537                      0.99865875                       67.948065
                   13.54                      0.99866545                       67.574749
                  13.543                      0.99867182                       67.201436
                  13.546                      0.99867787                       66.828124
                  13.549                      0.99868359                       66.454812
                  13.552                      0.99868898                       66.081499
                  13.555                      0.99869404                       65.708182
                  13.558                      0.99869878                       65.334862
                  13.561                      0.99870319                       64.961536
                  13.564                      0.99870727                       64.588204
                  13.567                      0.99871102                       64.214862
                   13.57                      0.99871445                       63.841511
                  13.573                      0.99871756                       63.468149
                  13.576                      0.99872034                       63.094774
                  13.579                      0.99872279                       62.721385
                  13.582                      0.99872492                        62.34798
                  13.585                      0.99872672                       61.974557
                  13.588                      0.99872819                       61.601116
                  13.591                      0.99872934                       61.227654
                  13.594                      0.99873016                        60.85417
                  13.597                      0.99873066                       60.480663
                    13.6                      0.99873083                        60.10713
                  13.603                      0.99873068                        59.73357
                  13.606                       0.9987302                       59.359981
                  13.609                       0.9987294                       58.986362
                  13.612                      0.99872826                       58.612711
                  13.615                      0.99872681                       58.239025
                  13.618                      0.99872502                       57.865304
                  13.621                      0.99872291                       57.491546
                  13.624                      0.99872047                       57.117748
                  13.627                      0.99871771                       56.743908
                   13.63                      0.99871461                       56.370026
                  13.633                      0.99871119                       55.996098
                  13.636                      0.99870744                       55.622123
                  13.639                      0.99870336                       55.248099
                  13.642                      0.99869895                       54.874024
                  13.645                      0.99869421                       54.499896
                  13.648                      0.99868914                       54.125713
                  13.651                      0.99868373                       53.751472
                  13.654                        0.998678                       53.377172
                  13.657                      0.99867193                        53.00281
                   13.66                      0.99866553                       52.628384
                  13.663                      0.99865879                       52.253892
                  13.666                      0.99865172                       51.879332
                  13.669                       0.9986443                         51.5047
                  13.672                      0.99863655                       51.129996
                  13.675                      0.99862846                       50.755216
                  13.678                      0.99862003                       50.380357
                  13.681                      0.99861126                       50.005419
                  13.684                      0.99860214                       49.630397
                  13.687                      0.99859268                       49.255289
                   13.69                      0.99858287                       48.880093
                  13.693                      0.99857272                       48.504807
                  13.696                      0.99856221                       48.129426
                  13.699                      0.99855135                       47.753949
                  13.702                      0.99854013                       47.378373
                  13.705                      0.99852856                       47.002694
                  13.708                      0.99851662                       46.626911
                  13.711                      0.99850433                       46.251019
                  13.714                      0.99849167                       45.875017
                  13.717                      0.99847865                         45.4989
                   13.72                      0.99846525                       45.122666
                  13.723                      0.99845148                       44.746311
                  13.726                      0.99843734                       44.369833
                  13.729                      0.99842281                       43.993227
                  13.732                      0.99840791                       43.616491
                  13.735                      0.99839261                       43.239621
                  13.738                      0.99837693                       42.862614
                  13.741                      0.99836085                       42.485465
                  13.744                      0.99834437                       42.108172
                  13.747                      0.99832749                       41.730731
                   13.75                      0.99831021                       41.353137
                  13.753                      0.99829251                       40.975386
                  13.756                      0.99827439                       40.597476
                  13.759                      0.99825585                       40.219402
                  13.762                      0.99823688                       39.841159
                  13.765                      0.99821748                       39.462744
                  13.768                      0.99819764                       39.084151
                  13.771                      0.99817735                       38.705378
                  13.774                       0.9981566                       38.326419
                  13.777                       0.9981354                       37.947269
                   13.78                      0.99811373                       37.567925
                  13.783                      0.99809158                       37.188381
                  13.786                      0.99806895                       36.808632
                  13.789                      0.99804583                       36.428673
                  13.792                      0.99802221                       36.048499
                  13.795                      0.99799808                       35.668106
                  13.798                      0.99797343                       35.287487
                  13.801                      0.99794825                       34.906638
                  13.804                      0.99792253                       34.525552
                  13.807                      0.99789627                       34.144223
                   13.81                      0.99786944                       33.762647
                  13.813                      0.99784204                       33.380817
                  13.816                      0.99781405                       32.998727
                  13.819                      0.99778547                       32.616371
                  13.822                      0.99775628                       32.233742
                  13.825                      0.99772646                       31.850833
                  13.828                        0.997696                       31.467639
                  13.831                      0.99766488                       31.084151
                  13.834                      0.99763309                       30.700364
                  13.837                      0.99760062                       30.316269
                   13.84                      0.99756744                        29.93186
                  13.843                      0.99753354                       29.547129
                  13.846                      0.99749889                       29.162067
                  13.849                      0.99746348                       28.776668
                  13.852                      0.99742729                       28.390923
                  13.855                       0.9973903                       28.004823
                  13.858                      0.99735248                        27.61836
                  13.861                       0.9973138                       27.231525
                  13.864                      0.99727426                       26.844308
                  13.867                      0.99723381                       26.456702
                   13.87                      0.99719243                       26.068696
                  13.873                       0.9971501                       25.680279
                  13.876                      0.99710679                       25.291443
                  13.879                      0.99706245                       24.902177
                  13.882                      0.99701707                       24.512471
                  13.885                      0.99697061                       24.122312
                  13.888                      0.99692303                        23.73169
                  13.891                       0.9968743                       23.340594
                  13.894                      0.99682438                       22.949012
                  13.897                      0.99677323                       22.556931
                    13.9                       0.9967208                       22.164339
                  13.903                      0.99666706                       21.771223
                  13.906                      0.99661195                       21.377569
                  13.909                      0.99655543                       20.983365
                  13.912                      0.99649745                       20.588595
                  13.915                      0.99643796                       20.193245
                  13.918                       0.9963769                       19.797301
                  13.921                      0.99631421                       19.400747
                  13.924                      0.99624983                       19.003567
                  13.927                       0.9961837                       18.605744
                   13.93                      0.99611576                       18.207262
                  13.933                      0.99604592                       17.808104
                  13.936                      0.99597413                       17.408251
                  13.939                       0.9959003                       17.007685
                  13.942                      0.99582436                       16.606386
                  13.945                      0.99574621                       16.204336
                  13.948                      0.99566577                       15.801513
                  13.951                      0.99558295                       15.397897
                  13.954                      0.99549764                       14.993465
                  13.957                      0.99540976                       14.588196
                   13.96                      0.99531918                       14.182066
                  13.963                      0.99522579                       13.775051
                  13.966                      0.99512949                       13.367126
                  13.969                      0.99503013                       12.958266
                  13.972                      0.99492759                       12.548443
                  13.975                      0.99482174                       12.137631
                  13.978                      0.99471241                         11.7258
                  13.981                      0.99459947                       11.312922
                  13.984                      0.99448274                       10.898965
                  13.987                      0.99436206                       10.483899
                   13.99                      0.99423725                       10.067689
                  13.993                      0.99410811                       9.6503019
                  13.996                      0.99397445                       9.2317024
                  13.999                      0.99383606                       8.8118538
                  14.002                       0.9936927                       8.3907178
                  14.005                      0.99354415                       7.9682549
                  14.008                      0.99339016                        7.544424
                  14.011                      0.99323046                       7.1191824
                  14.014                      0.99306477                       6.6924857
                  14.017                       0.9928928                       6.2642877
                   14.02                      0.99271424                       5.8345404
                  14.023                      0.99252875                       5.4031939
                  14.026                      0.99233599                       4.9701961
                  14.029                      0.99213558                        4.535493
                  14.032                      0.99192712                        4.099028
                  14.035                      0.99171021                       3.6607426
                  14.038                       0.9914844                       3.2205753
                  14.041                      0.99124921                       2.7784623
                  14.044                      0.99100415                        2.334337
                  14.047                      0.99074868                       1.8881299
                   14.05                      0.99048223                       1.4397682
                  14.053                       0.9902042                       0.9891763
                  14.056                      0.98991396                      0.53627486
                  14.059                       0.9896108                     0.080981092
                  14.062                      0.98929401                       359.62321
                  14.065                       0.9889628                       359.16287
                  14.068                      0.98861635                       358.69986
                  14.071                      0.98825376                       358.23409
                  14.074                      0.98787408                       357.76545
                  14.077                      0.98747629                       357.29384
                   14.08                      0.98705932                       356.81913
                  14.083                      0.98662198                       356.34122
                  14.086                      0.98616304                       355.85997
                  14.089                      0.98568115                       355.37525
                  14.092                      0.98517487                       354.88692
                  14.095                      0.98464266                       354.39485
                  14.098                      0.98408285                       353.89887
                  14.101                      0.98349366                       353.39882
                  14.104                      0.98287317                       352.89454
                  14.107                      0.98221929                       352.38585
                   14.11                      0.98152979                       351.87256
                  14.113                      0.98080226                       351.35448
                  14.116                      0.98003409                       350.83139
                  14.119                      0.97922246                       350.30308
                  14.122                      0.97836431                       349.76931
                  14.125                      0.97745635                       349.22986
                  14.128                      0.97649499                       348.68445
                  14.131                      0.97547635                       348.13282
                  14.134                       0.9743962                       347.57469
                  14.137                      0.97324997                       347.00975
                   14.14                      0.97203266                       346.43769
                  14.143                      0.97073884                       345.85817
                  14.146                      0.96936259                       345.27084
                  14.149                      0.96789746                       344.67533
                  14.152                      0.96633638                       344.07125
                  14.155                      0.96467166                       343.45818
                  14.158                      0.96289487                       342.83569
                  14.161                      0.96099676                       342.20332
                  14.164                      0.95896724                       341.56059
                  14.167                      0.95679521                         340.907
                   14.17                      0.95446848                         340.242
                  14.173                      0.95197368                       339.56506
                  14.176                       0.9492961                       338.87558
                  14.179                      0.94641956                       338.17298
                  14.182                      0.94332624                       337.45661
                  14.185                      0.93999653                       336.72585
                  14.188                      0.93640879                       335.98003
                  14.191                      0.93253921                       335.21848
                  14.194                       0.9283615                       334.44053
                  14.197                       0.9238467                       333.64549
                    14.2                       0.9189629                       332.83273
                  14.203                      0.91367493                        332.0016
                  14.206                       0.9079441                       331.15155
                  14.209                      0.90172788                       330.28208
                  14.212                       0.8949796                        329.3928
                  14.215                      0.88764815                       328.48349
                  14.218                      0.87967778                       327.55413
                  14.221                      0.87100784                       326.60499
                  14.224                      0.86157276                        325.6367
                  14.227                      0.85130204                       324.65036
                   14.23                      0.84012056                       323.64773
                  14.233                       0.8279491                       322.63135
                  14.236                      0.81470531                       321.60477
                  14.239                       0.8003052                       320.57289
                  14.242                       0.7846653                       319.54223
                  14.245                      0.76770576                       318.52141
                  14.248                      0.74935453                       317.52167
                  14.251                      0.72955291                       316.55751
                  14.254                      0.70826281                        315.6475
                  14.257                      0.68547583                       314.81512
                   14.26                      0.66122454                       314.08994
                  14.263                      0.63559604                       313.50866
                  14.266                      0.60874773                       313.11641
                  14.269                      0.58092512                        312.9677
                  14.272                      0.55248073                       313.12696
                  14.275                      0.52389271                       313.66783
                  14.278                      0.49578002                       314.67022
                  14.281                       0.4689091                        316.2135
                  14.284                       0.4441836                       318.36401
                  14.287                      0.42260508                       321.15569
                   14.29                      0.40519239                       324.56587
                  14.293                      0.39285493                       328.49371
                  14.296                      0.38623776                       332.75485
                  14.299                      0.38558539                       337.10431
                  14.302                        0.390684                       341.28511
                  14.305                      0.40091344                        345.0821
                  14.308                      0.41538512                       348.35635
                  14.311                      0.43310534                       351.05007
                  14.314                      0.45310985                       353.17003
                  14.317                       0.4745466                       354.76358
                   14.32                      0.49671105                       355.89751
                  14.323                      0.51904923                       356.64341
                  14.326                       0.5411435                       357.06927
                  14.329                      0.56269148                        357.2355
                  14.332                      0.58348403                       357.19373
                  14.335                      0.60338503                       356.98695
                  14.338                      0.62231427                       356.65043
                  14.341                      0.64023336                       356.21278
                  14.344                      0.65713453                       355.69703
                  14.347                      0.67303187                       355.12169
                   14.35                       0.6879546                        354.5015
                  14.353                      0.70194197                       353.84823
                  14.356                      0.71503947                       353.17122
                  14.359                      0.72729592                       352.47788
                  14.362                      0.73876154                       351.77406
                  14.365                      0.74948639                       351.06438
                  14.368                      0.75951941                       350.35245
                  14.371                      0.76890775                        349.6411
                  14.374                      0.77769629                       348.93251
                  14.377                      0.78592745                       348.22835
                   14.38                      0.79364103                        347.5299
                  14.383                       0.8008742                        346.8381
                  14.386                      0.80766157                       346.15364
                  14.389                      0.81403523                       345.47698
                  14.392                      0.82002489                       344.80846
                  14.395                      0.82565801                       344.14825
                  14.398                      0.83095995                       343.49644
                  14.401                      0.83595409                       342.85301
                  14.404                      0.84066198                       342.21793
                  14.407                      0.84510348                       341.59106
                   14.41                      0.84929691                       340.97228
                  14.413                      0.85325913                       340.36139
                  14.416                      0.85700568                       339.75821
                  14.419                      0.86055091                       339.16253
                  14.422                      0.86390804                       338.57413
                  14.425                      0.86708927                       337.99279
                  14.428                      0.87010588                       337.41827
                  14.431                      0.87296827                       336.85035
                  14.434                      0.87568607                       336.28882
                  14.437                       0.8782682                       335.73343
                   14.44                      0.88072289                       335.18398
                  14.443                       0.8830578                       334.64026
                  14.446                         0.88528                       334.10205
                  14.449                      0.88739608                       333.56916
                  14.452                      0.88941213                       333.04138
                  14.455                      0.89133384                       332.51854
                  14.458                      0.89316649                       332.00045
                  14.461                      0.89491499                       331.48694
                  14.464                      0.89658391                       330.97783
                  14.467                      0.89817754                       330.47296
                   14.47                      0.89969984                       329.97219
                  14.473                      0.90115455                       329.47535
                  14.476                      0.90254513                       328.98231
                  14.479                      0.90387483                       328.49293
                  14.482                      0.90514671                       328.00707
                  14.485                       0.9063636                       327.52462
                  14.488                      0.90752819                       327.04544
                  14.491                      0.90864296                       326.56943
                  14.494                      0.90971028                       326.09647
                  14.497                      0.91073235                       325.62645
                    14.5                      0.91171124                       325.15927

