                        S2(1),1(1)/abs,linear                S2(1),1(1)/arg,degrees
----------------------------------------------------------------------------------------------------------------
                      16                   0.00028510935                       44.451892
                 16.0014                    0.0002846604                       44.292189
                 16.0028                   0.00028421423                        44.13221
                 16.0042                   0.00028377085                       43.971956
                 16.0056                   0.00028333023                        43.81143
                  16.007                   0.00028289237                       43.650636
                 16.0084                   0.00028245726                       43.489575
                 16.0098                   0.00028202489                        43.32825
                 16.0112                   0.00028159524                       43.166664
                 16.0126                   0.00028116832                       43.004819
                  16.014                   0.00028074411                       42.842718
                 16.0154                   0.00028032259                       42.680364
                 16.0168                   0.00027990377                       42.517758
                 16.0182                   0.00027948763                       42.354904
                 16.0196                   0.00027907416                       42.191804
                  16.021                   0.00027866335                       42.028461
                 16.0224                    0.0002782552                       41.864877
                 16.0238                   0.00027784968                       41.701055
                 16.0252                    0.0002774468                       41.536997
                 16.0266                   0.00027704654                       41.372706
                  16.028                   0.00027664889                       41.208185
                 16.0294                   0.00027625384                       41.043436
                 16.0308                   0.00027586138                       40.878461
                 16.0322                    0.0002754715                       40.713264
                 16.0336                   0.00027508419                       40.547846
                  16.035                   0.00027469944                       40.382211
                 16.0364                   0.00027431724                        40.21636
                 16.0378                   0.00027393758                       40.050297
                 16.0392                   0.00027356045                       39.884024
                 16.0406                   0.00027318584                       39.717543
                  16.042                   0.00027281373                       39.550857
                 16.0434                   0.00027244413                       39.383969
                 16.0448                     0.000272077                        39.21688
                 16.0462                   0.00027171236                       39.049594
                 16.0476                   0.00027135018                       38.882113
                  16.049                   0.00027099045                        38.71444
                 16.0504                   0.00027063317                       38.546576
                 16.0518                   0.00027027832                       38.378525
                 16.0532                   0.00026992589                       38.210289
                 16.0546                   0.00026957587                        38.04187
                  16.056                   0.00026922825                       37.873272
                 16.0574                   0.00026888303                       37.704495
                 16.0588                   0.00026854017                       37.535543
                 16.0602                   0.00026819969                       37.366419
                 16.0616                   0.00026786156                       37.197124
                  16.063                   0.00026752578                       37.027661
                 16.0644                   0.00026719233                       36.858033
                 16.0658                    0.0002668612                       36.688241
                 16.0672                   0.00026653239                       36.518289
                 16.0686                   0.00026620587                       36.348178
                   16.07                   0.00026588165                       36.177911
                 16.0714                    0.0002655597                       36.007491
                 16.0728                   0.00026524002                        35.83692
                 16.0742                   0.00026492259                       35.666199
                 16.0756                    0.0002646074                       35.495332
                  16.077                   0.00026429445                       35.324321
                 16.0784                   0.00026398372                       35.153168
                 16.0798                    0.0002636752                       34.981875
                 16.0812                   0.00026336887                       34.810445
                 16.0826                   0.00026306474                       34.638879
                  16.084                   0.00026276277                       34.467181
                 16.0854                   0.00026246297                       34.295352
                 16.0868                   0.00026216532                       34.123395
                 16.0882                   0.00026186982                       33.951312
                 16.0896                   0.00026157644                       33.779105
                  16.091                   0.00026128517                       33.606776
                 16.0924                   0.00026099601                       33.434328
                 16.0938                   0.00026070895                       33.261762
                 16.0952                   0.00026042397                       33.089081
                 16.0966                   0.00026014105                       32.916287
                  16.098                    0.0002598602                       32.743382
                 16.0994                   0.00025958139                       32.570369
                 16.1008                   0.00025930462                       32.397249
                 16.1022                   0.00025902987                       32.224024
                 16.1036                   0.00025875713                       32.050696
                  16.105                   0.00025848639                       31.877269
                 16.1064                   0.00025821763                       31.703742
                 16.1078                   0.00025795086                        31.53012
                 16.1092                   0.00025768604                       31.356403
                 16.1106                   0.00025742318                       31.182593
                  16.112                   0.00025716226                       31.008694
                 16.1134                   0.00025690327                       30.834706
                 16.1148                   0.00025664619                       30.660631
                 16.1162                   0.00025639102                       30.486472
                 16.1176                   0.00025613773                        30.31223
                  16.119                   0.00025588633                       30.137908
                 16.1204                    0.0002556368                       29.963506
                 16.1218                   0.00025538913                       29.789028
                 16.1232                   0.00025514329                       29.614475
                 16.1246                   0.00025489929                       29.439848
                  16.126                   0.00025465712                        29.26515
                 16.1274                   0.00025441675                       29.090383
                 16.1288                   0.00025417817                       28.915547
                 16.1302                   0.00025394138                       28.740645
                 16.1316                   0.00025370636                       28.565679
                  16.133                   0.00025347311                       28.390651
                 16.1344                    0.0002532416                       28.215561
                 16.1358                   0.00025301182                       28.040412
                 16.1372                   0.00025278378                       27.865206
                 16.1386                   0.00025255744                       27.689944
                   16.14                    0.0002523328                       27.514628
                 16.1414                   0.00025210986                       27.339259
                 16.1428                   0.00025188858                       27.163839
                 16.1442                   0.00025166897                       26.988369
                 16.1456                   0.00025145102                       26.812852
                  16.147                    0.0002512347                       26.637288
                 16.1484                   0.00025102001                        26.46168
                 16.1498                   0.00025080694                       26.286028
                 16.1512                   0.00025059547                       26.110334
                 16.1526                   0.00025038559                         25.9346
                  16.154                   0.00025017729                       25.758828
                 16.1554                   0.00024997056                       25.583018
                 16.1568                   0.00024976539                       25.407171
                 16.1582                   0.00024956176                       25.231291
                 16.1596                   0.00024935966                       25.055377
                  16.161                   0.00024915907                       24.879431
                 16.1624                      0.00024896                       24.703454
                 16.1638                   0.00024876242                       24.527448
                 16.1652                   0.00024856633                       24.351415
                 16.1666                    0.0002483717                       24.175354
                  16.168                   0.00024817854                       23.999269
                 16.1694                   0.00024798682                       23.823159
                 16.1708                   0.00024779654                       23.647026
                 16.1722                   0.00024760768                       23.470871
                 16.1736                   0.00024742024                       23.294696
                  16.175                   0.00024723419                       23.118501
                 16.1764                   0.00024704953                       22.942288
                 16.1778                   0.00024686625                       22.766058
                 16.1792                   0.00024668433                       22.589812
                 16.1806                   0.00024650376                       22.413551
                  16.182                   0.00024632453                       22.237276
                 16.1834                   0.00024614663                       22.060988
                 16.1848                   0.00024597005                       21.884688
                 16.1862                   0.00024579477                       21.708378
                 16.1876                   0.00024562078                       21.532057
                  16.189                   0.00024544807                       21.355728
                 16.1904                   0.00024527664                        21.17939
                 16.1918                   0.00024510646                       21.003046
                 16.1932                   0.00024493752                       20.826695
                 16.1946                   0.00024476982                       20.650339
                  16.196                   0.00024460334                       20.473979
                 16.1974                   0.00024443807                       20.297615
                 16.1988                   0.00024427399                       20.121248
                 16.2002                   0.00024411111                        19.94488
                 16.2016                   0.00024394939                        19.76851
                  16.203                   0.00024378884                        19.59214
                 16.2044                   0.00024362945                        19.41577
                 16.2058                   0.00024347119                       19.239401
                 16.2072                   0.00024331406                       19.063034
                 16.2086                   0.00024315805                       18.886669
                   16.21                   0.00024300314                       18.710307
                 16.2114                   0.00024284932                       18.533949
                 16.2128                   0.00024269659                       18.357596
                 16.2142                   0.00024254493                       18.181247
                 16.2156                   0.00024239432                       18.004904
                  16.217                   0.00024224476                       17.828567
                 16.2184                   0.00024209624                       17.652237
                 16.2198                   0.00024194874                       17.475913
                 16.2212                   0.00024180226                       17.299598
                 16.2226                   0.00024165677                        17.12329
                  16.224                   0.00024151228                       16.946992
                 16.2254                   0.00024136877                       16.770702
                 16.2268                   0.00024122622                       16.594422
                 16.2282                   0.00024108463                       16.418152
                 16.2296                   0.00024094398                       16.241892
                  16.231                   0.00024080426                       16.065642
                 16.2324                   0.00024066547                       15.889404
                 16.2338                   0.00024052759                       15.713177
                 16.2352                   0.00024039061                       15.536962
                 16.2366                   0.00024025451                       15.360758
                  16.238                    0.0002401193                       15.184567
                 16.2394                   0.00023998495                       15.008388
                 16.2408                   0.00023985145                       14.832223
                 16.2422                    0.0002397188                        14.65607
                 16.2436                   0.00023958698                        14.47993
                  16.245                   0.00023945598                       14.303803
                 16.2464                    0.0002393258                        14.12769
                 16.2478                   0.00023919641                       13.951591
                 16.2492                   0.00023906781                       13.775505
                 16.2506                   0.00023893999                       13.599434
                  16.252                   0.00023881293                       13.423376
                 16.2534                   0.00023868664                       13.247332
                 16.2548                   0.00023856108                       13.071303
                 16.2562                   0.00023843626                       12.895287
                 16.2576                   0.00023831217                       12.719286
                  16.259                   0.00023818879                       12.543299
                 16.2604                   0.00023806611                       12.367326
                 16.2618                   0.00023794412                       12.191368
                 16.2632                   0.00023782281                       12.015423
                 16.2646                   0.00023770217                       11.839492
                  16.266                   0.00023758218                       11.663575
                 16.2674                   0.00023746285                       11.487673
                 16.2688                   0.00023734416                       11.311783
                 16.2702                   0.00023722609                       11.135908
                 16.2716                   0.00023710864                       10.960046
                  16.273                   0.00023699179                       10.784197
                 16.2744                   0.00023687554                       10.608361
                 16.2758                   0.00023675988                       10.432538
                 16.2772                   0.00023664479                       10.256727
                 16.2786                   0.00023653027                        10.08093
                   16.28                    0.0002364163                       9.9051438
                 16.2814                   0.00023630287                         9.72937
                 16.2828                   0.00023618997                       9.5536078
                 16.2842                    0.0002360776                       9.3778569
                 16.2856                   0.00023596575                        9.202117
                  16.287                   0.00023585439                       9.0263878
                 16.2884                   0.00023574353                        8.850669
                 16.2898                   0.00023563315                       8.6749601
                 16.2912                   0.00023552324                       8.4992608
                 16.2926                   0.00023541379                       8.3235706
                  16.294                   0.00023530479                       8.1478893
                 16.2954                   0.00023519624                       7.9722164
                 16.2968                   0.00023508812                       7.7965513
                 16.2982                   0.00023498042                       7.6208938
                 16.2996                   0.00023487313                       7.4452432
                  16.301                   0.00023476624                       7.2695992
                 16.3024                   0.00023465975                       7.0939612
                 16.3038                   0.00023455363                       6.9183287
                 16.3052                   0.00023444789                       6.7427012
                 16.3066                   0.00023434251                       6.5670781
                  16.308                   0.00023423749                       6.3914589
                 16.3094                    0.0002341328                        6.215843
                 16.3108                   0.00023402845                       6.0402298
                 16.3122                   0.00023392443                       5.8646188
                 16.3136                   0.00023382071                       5.6890092
                  16.315                   0.00023371731                       5.5134006
                 16.3164                   0.00023361419                       5.3377922
                 16.3178                   0.00023351136                       5.1621833
                 16.3192                   0.00023340881                       4.9865734
                 16.3206                   0.00023330652                       4.8109617
                  16.322                   0.00023320448                       4.6353476
                 16.3234                    0.0002331027                       4.4597302
                 16.3248                   0.00023300115                        4.284109
                 16.3262                   0.00023289983                       4.1084832
                 16.3276                   0.00023279873                       3.9328519
                  16.329                   0.00023269784                       3.7572146
                 16.3304                   0.00023259714                       3.5815703
                 16.3318                   0.00023249664                       3.4059183
                 16.3332                   0.00023239632                       3.2302577
                 16.3346                   0.00023229617                       3.0545879
                  16.336                   0.00023219619                       2.8789079
                 16.3374                   0.00023209636                        2.703217
                 16.3388                   0.00023199667                       2.5275141
                 16.3402                   0.00023189712                       2.3517986
                 16.3416                   0.00023179769                       2.1760696
                  16.343                   0.00023169839                        2.000326
                 16.3444                   0.00023159919                       1.8245671
                 16.3458                   0.00023150009                       1.6487919
                 16.3472                   0.00023140108                       1.4729995
                 16.3486                   0.00023130216                        1.297189
                   16.35                    0.0002312033                       1.1213594
                 16.3514                   0.00023110451                      0.94550981
                 16.3528                   0.00023100578                      0.76963917
                 16.3542                   0.00023090709                      0.59374655
                 16.3556                   0.00023080844                      0.41783094
                  16.357                   0.00023070982                      0.24189134
                 16.3584                   0.00023061122                     0.065926747
                 16.3598                   0.00023051263                       359.88994
                 16.3612                   0.00023041404                       359.71392
                 16.3626                   0.00023031545                       359.53787
                  16.364                   0.00023021684                        359.3618
                 16.3654                   0.00023011821                       359.18569
                 16.3668                   0.00023001955                       359.00956
                 16.3682                   0.00022992084                       358.83339
                 16.3696                   0.00022982209                       358.65718
                  16.371                   0.00022972329                       358.48095
                 16.3724                   0.00022962441                       358.30467
                 16.3738                   0.00022952547                       358.12836
                 16.3752                   0.00022942644                       357.95202
                 16.3766                   0.00022932732                       357.77563
                  16.378                    0.0002292281                        357.5992
                 16.3794                   0.00022912878                       357.42273
                 16.3808                   0.00022902934                       357.24622
                 16.3822                   0.00022892978                       357.06967
                 16.3836                   0.00022883008                       356.89307
                  16.385                   0.00022873025                       356.71642
                 16.3864                   0.00022863027                       356.53973
                 16.3878                   0.00022853013                       356.36298
                 16.3892                   0.00022842983                       356.18619
                 16.3906                   0.00022832936                       356.00935
                  16.392                    0.0002282287                       355.83245
                 16.3934                   0.00022812786                        355.6555
                 16.3948                   0.00022802683                       355.47849
                 16.3962                   0.00022792559                       355.30143
                 16.3976                   0.00022782413                       355.12431
                  16.399                   0.00022772246                       354.94713
                 16.4004                   0.00022762056                       354.76989
                 16.4018                   0.00022751843                       354.59259
                 16.4032                   0.00022741605                       354.41523
                 16.4046                   0.00022731343                        354.2378
                  16.406                   0.00022721054                       354.06031
                 16.4074                   0.00022710739                       353.88275
                 16.4088                   0.00022700396                       353.70512
                 16.4102                   0.00022690026                       353.52742
                 16.4116                   0.00022679626                       353.34965
                  16.413                   0.00022669197                       353.17181
                 16.4144                   0.00022658738                       352.99389
                 16.4158                   0.00022648247                        352.8159
                 16.4172                   0.00022637724                       352.63783
                 16.4186                   0.00022627169                       352.45969
                   16.42                   0.00022616581                       352.28146
                 16.4214                   0.00022605958                       352.10316
                 16.4228                     0.000225953                       351.92477
                 16.4242                   0.00022584607                       351.74629
                 16.4256                   0.00022573878                       351.56773
                  16.427                   0.00022563111                       351.38909
                 16.4284                   0.00022552307                       351.21035
                 16.4298                   0.00022541464                       351.03153
                 16.4312                   0.00022530583                       350.85262
                 16.4326                   0.00022519661                       350.67361
                  16.434                   0.00022508698                       350.49451
                 16.4354                   0.00022497694                       350.31531
                 16.4368                   0.00022486648                       350.13601
                 16.4382                    0.0002247556                       349.95662
                 16.4396                   0.00022464428                       349.77712
                  16.441                   0.00022453251                       349.59752
                 16.4424                    0.0002244203                       349.41782
                 16.4438                   0.00022430764                       349.23802
                 16.4452                   0.00022419451                        349.0581
                 16.4466                   0.00022408091                       348.87808
                  16.448                   0.00022396683                       348.69795
                 16.4494                   0.00022385228                       348.51771
                 16.4508                   0.00022373723                       348.33735
                 16.4522                   0.00022362168                       348.15688
                 16.4536                   0.00022350564                       347.97629
                  16.455                   0.00022338908                       347.79559
                 16.4564                     0.000223272                       347.61476
                 16.4578                   0.00022315441                       347.43382
                 16.4592                   0.00022303628                       347.25275
                 16.4606                   0.00022291762                       347.07155
                  16.462                   0.00022279841                       346.89023
                 16.4634                   0.00022267865                       346.70878
                 16.4648                   0.00022255834                       346.52721
                 16.4662                   0.00022243746                        346.3455
                 16.4676                   0.00022231602                       346.16365
                  16.469                     0.000222194                       345.98168
                 16.4704                    0.0002220714                       345.79956
                 16.4718                    0.0002219482                       345.61731
                 16.4732                   0.00022182442                       345.43492
                 16.4746                   0.00022170003                       345.25239
                  16.476                   0.00022157504                       345.06971
                 16.4774                   0.00022144943                       344.88689
                 16.4788                   0.00022132321                       344.70392
                 16.4802                   0.00022119635                       344.52081
                 16.4816                   0.00022106887                       344.33754
                  16.483                   0.00022094075                       344.15412
                 16.4844                   0.00022081198                       343.97055
                 16.4858                   0.00022068256                       343.78682
                 16.4872                   0.00022055249                       343.60293
                 16.4886                   0.00022042175                       343.41889
                   16.49                   0.00022029034                       343.23468
                 16.4914                   0.00022015826                       343.05031
                 16.4928                    0.0002200255                       342.86578
                 16.4942                   0.00021989206                       342.68108
                 16.4956                   0.00021975792                       342.49621
                  16.497                   0.00021962308                       342.31117
                 16.4984                   0.00021948754                       342.12596
                 16.4998                   0.00021935129                       341.94057
                 16.5012                   0.00021921432                       341.75501
                 16.5026                   0.00021907664                       341.56928
                  16.504                   0.00021893822                       341.38336
                 16.5054                   0.00021879908                       341.19726
                 16.5068                   0.00021865919                       341.01098
                 16.5082                   0.00021851856                       340.82451
                 16.5096                   0.00021837718                       340.63786
                  16.511                   0.00021823505                       340.45101
                 16.5124                   0.00021809216                       340.26398
                 16.5138                    0.0002179485                       340.07675
                 16.5152                   0.00021780407                       339.88933
                 16.5166                   0.00021765886                       339.70171
                  16.518                   0.00021751287                        339.5139
                 16.5194                    0.0002173661                       339.32588
                 16.5208                   0.00021721853                       339.13766
                 16.5222                   0.00021707016                       338.94924
                 16.5236                   0.00021692099                        338.7606
                  16.525                   0.00021677101                       338.57177
                 16.5264                   0.00021662022                       338.38272
                 16.5278                    0.0002164686                       338.19345
                 16.5292                   0.00021631617                       338.00398
                 16.5306                    0.0002161629                       337.81429
                  16.532                    0.0002160088                       337.62437
                 16.5334                   0.00021585386                       337.43424
                 16.5348                   0.00021569808                       337.24389
                 16.5362                   0.00021554144                       337.05331
                 16.5376                   0.00021538395                       336.86251
                  16.539                   0.00021522561                       336.67147
                 16.5404                    0.0002150664                       336.48021
                 16.5418                   0.00021490632                       336.28871
                 16.5432                   0.00021474536                       336.09698
                 16.5446                   0.00021458353                       335.90501
                  16.546                   0.00021442081                        335.7128
                 16.5474                   0.00021425721                       335.52035
                 16.5488                   0.00021409272                       335.32766
                 16.5502                   0.00021392732                       335.13472
                 16.5516                   0.00021376103                       334.94154
                  16.553                   0.00021359382                        334.7481
                 16.5544                   0.00021342571                       334.55442
                 16.5558                   0.00021325668                       334.36048
                 16.5572                   0.00021308674                       334.16628
                 16.5586                   0.00021291586                       333.97183
                   16.56                   0.00021274406                       333.77711
                 16.5614                   0.00021257133                       333.58214
                 16.5628                   0.00021239766                       333.38689
                 16.5642                   0.00021222304                       333.19139
                 16.5656                   0.00021204749                       332.99561
                  16.567                   0.00021187098                       332.79956
                 16.5684                   0.00021169351                       332.60324
                 16.5698                   0.00021151509                       332.40664
                 16.5712                   0.00021133571                       332.20976
                 16.5726                   0.00021115536                        332.0126
                  16.574                   0.00021097404                       331.81516
                 16.5754                   0.00021079174                       331.61744
                 16.5768                   0.00021060847                       331.41943
                 16.5782                   0.00021042422                       331.22113
                 16.5796                   0.00021023898                       331.02253
                  16.581                   0.00021005274                       330.82365
                 16.5824                   0.00020986552                       330.62447
                 16.5838                    0.0002096773                       330.42498
                  16.585                   0.00020951517                       330.25376
                 16.5852                   0.00020948807                        330.2252
                 16.5866                   0.00020929785                       330.02512
                  16.588                   0.00020910661                       329.82472
                 16.5894                   0.00020891436                       329.62402
                 16.5908                    0.0002087211                       329.42301
                 16.5922                   0.00020852682                       329.22169
                 16.5936                   0.00020833152                       329.02005
                  16.595                   0.00020813519                        328.8181
                 16.5964                   0.00020793783                       328.61582
                 16.5978                   0.00020773944                       328.41322
                 16.5992                   0.00020754002                        328.2103
                 16.6006                   0.00020733955                       328.00705
                  16.602                   0.00020713805                       327.80347
                 16.6034                    0.0002069355                       327.59956
                 16.6048                    0.0002067319                       327.39531
                 16.6062                   0.00020652725                       327.19073
                 16.6076                   0.00020632155                        326.9858
                  16.609                   0.00020611479                       326.78054
                 16.6104                   0.00020590698                       326.57492
                 16.6118                    0.0002056981                       326.36897
                 16.6132                   0.00020548815                       326.16266
                 16.6146                   0.00020527714                         325.956
                  16.616                   0.00020506505                       325.74898
                 16.6174                    0.0002048519                       325.54161
                 16.6188                   0.00020463766                       325.33387
                 16.6202                   0.00020442235                       325.12578
                 16.6216                   0.00020420596                       324.91731
                  16.623                   0.00020398849                       324.70848
                 16.6244                   0.00020376993                       324.49928
                 16.6258                   0.00020355028                       324.28971
                 16.6272                   0.00020332955                       324.07976
                 16.6286                   0.00020310772                       323.86943
                   16.63                    0.0002028848                       323.65871
                 16.6314                   0.00020266078                       323.44762
                 16.6328                   0.00020243566                       323.23614
                 16.6342                   0.00020220944                       323.02426
                 16.6356                   0.00020198212                         322.812
                  16.637                    0.0002017537                       322.59934
                 16.6384                   0.00020152417                       322.38628
                 16.6398                   0.00020129354                       322.17282
                 16.6412                   0.00020106179                       321.95896
                 16.6426                   0.00020082893                       321.74469
                  16.644                   0.00020059497                       321.53001
                 16.6454                   0.00020035988                       321.31492
                 16.6468                   0.00020012369                       321.09941
                 16.6482                   0.00019988637                       320.88349
                 16.6496                   0.00019964794                       320.66714
                  16.651                   0.00019940839                       320.45037
                 16.6524                   0.00019916772                       320.23317
                 16.6538                   0.00019892593                       320.01554
                 16.6552                   0.00019868301                       319.79748
                 16.6566                   0.00019843897                       319.57899
                  16.658                   0.00019819381                       319.36005
                 16.6594                   0.00019794752                       319.14068
                 16.6608                   0.00019770011                       318.92085
                 16.6622                   0.00019745157                       318.70058
                 16.6636                    0.0001972019                       318.47986
                  16.665                   0.00019695111                       318.25868
                 16.6664                   0.00019669918                       318.03705
                 16.6678                   0.00019644613                       317.81495
                 16.6692                   0.00019619195                       317.59239
                 16.6706                   0.00019593663                       317.36937
                  16.672                   0.00019568019                       317.14587
                 16.6734                   0.00019542262                        316.9219
                 16.6748                   0.00019516392                       316.69745
                 16.6762                   0.00019490409                       316.47253
                 16.6776                   0.00019464313                       316.24711
                  16.679                   0.00019438104                       316.02121
                 16.6804                   0.00019411782                       315.79483
                 16.6818                   0.00019385347                       315.56794
                 16.6832                   0.00019358799                       315.34056
                 16.6846                   0.00019332139                       315.11268
                  16.686                   0.00019305365                        314.8843
                 16.6874                   0.00019278479                       314.65541
                 16.6888                    0.0001925148                         314.426
                 16.6902                   0.00019224369                       314.19609
                 16.6916                   0.00019197145                       313.96565
                  16.693                   0.00019169809                       313.73469
                 16.6944                   0.00019142361                       313.50321
                 16.6958                     0.000191148                        313.2712
                 16.6972                   0.00019087128                       313.03865
                 16.6986                   0.00019059343                       312.80557
                    16.7                   0.00019031447                       312.57195
                 16.7014                   0.00019003439                       312.33779
                 16.7028                    0.0001897532                       312.10307
                 16.7042                   0.00018947089                       311.86781
                 16.7056                   0.00018918747                       311.63199
                  16.707                   0.00018890294                       311.39561
                 16.7084                   0.00018861731                       311.15867
                 16.7098                   0.00018833057                       310.92116
                 16.7112                   0.00018804272                       310.68308
                 16.7126                   0.00018775378                       310.44442
                  16.714                   0.00018746373                       310.20519
                 16.7154                   0.00018717259                       309.96537
                 16.7168                   0.00018688036                       309.72497
                 16.7182                   0.00018658703                       309.48397
                 16.7196                   0.00018629262                       309.24238
                  16.721                   0.00018599712                       309.00019
                 16.7224                   0.00018570053                       308.75739
                 16.7238                   0.00018540287                       308.51399
                 16.7252                   0.00018510413                       308.26997
                 16.7266                   0.00018480432                       308.02534
                  16.728                   0.00018450343                       307.78008
                 16.7294                   0.00018420148                        307.5342
                 16.7308                   0.00018389847                       307.28769
                 16.7322                   0.00018359439                       307.04055
                 16.7336                   0.00018328926                       306.79276
                  16.735                   0.00018298308                       306.54433
                 16.7364                   0.00018267585                       306.29525
                 16.7378                   0.00018236758                       306.04552
                 16.7392                   0.00018205826                       305.79513
                 16.7406                   0.00018174791                       305.54408
                  16.742                   0.00018143653                       305.29236
                 16.7434                   0.00018112412                       305.03997
                 16.7448                   0.00018081069                        304.7869
                 16.7462                   0.00018049625                       304.53314
                 16.7476                   0.00018018079                        304.2787
                  16.749                   0.00017986432                       304.02357
                 16.7504                   0.00017954686                       303.76774
                 16.7518                   0.00017922839                       303.51121
                 16.7532                   0.00017890894                       303.25397
                 16.7546                   0.00017858849                       302.99602
                  16.756                   0.00017826707                       302.73734
                 16.7574                   0.00017794468                       302.47795
                 16.7588                   0.00017762131                       302.21782
                 16.7602                   0.00017729698                       301.95696
                 16.7616                    0.0001769717                       301.69536
                  16.763                   0.00017664547                       301.43302
                 16.7644                   0.00017631829                       301.16992
                 16.7658                   0.00017599018                       300.90606
                 16.7672                   0.00017566113                       300.64145
                 16.7686                   0.00017533116                       300.37606
                   16.77                   0.00017500028                        300.1099
                 16.7714                   0.00017466849                       299.84296
                 16.7728                   0.00017433579                       299.57523
                 16.7742                    0.0001740022                       299.30671
                 16.7756                   0.00017366772                       299.03739
                  16.777                   0.00017333237                       298.76727
                 16.7784                   0.00017299614                       298.49633
                 16.7798                   0.00017265905                       298.22458
                 16.7812                    0.0001723211                         297.952
                 16.7826                   0.00017198231                        297.6786
                  16.784                   0.00017164268                       297.40435
                 16.7854                   0.00017130222                       297.12927
                 16.7868                   0.00017096093                       296.85333
                 16.7882                   0.00017061884                       296.57653
                 16.7896                   0.00017027594                       296.29888
                  16.791                   0.00016993225                       296.02035
                 16.7924                   0.00016958777                       295.74094
                 16.7938                   0.00016924252                       295.46065
                 16.7952                   0.00016889651                       295.17947
                 16.7966                   0.00016854974                       294.89738
                  16.798                   0.00016820222                        294.6144
                 16.7994                   0.00016785397                       294.33049
                 16.8008                     0.000167505                       294.04567
                 16.8022                   0.00016715531                       293.75992
                 16.8036                   0.00016680492                       293.47323
                  16.805                   0.00016645384                        293.1856
                 16.8064                   0.00016610208                       292.89701
                 16.8078                   0.00016574965                       292.60747
                 16.8092                   0.00016539656                       292.31695
                 16.8106                   0.00016504282                       292.02546
                  16.812                   0.00016468845                       291.73299
                 16.8134                   0.00016433346                       291.43953
                 16.8148                   0.00016397787                       291.14506
                 16.8162                   0.00016362167                       290.84958
                 16.8176                   0.00016326489                       290.55309
                  16.819                   0.00016290754                       290.25557
                 16.8204                   0.00016254963                       289.95702
                 16.8218                   0.00016219117                       289.65742
                 16.8232                   0.00016183219                       289.35676
                 16.8246                   0.00016147268                       289.05505
                  16.826                   0.00016111268                       288.75226
                 16.8274                   0.00016075218                       288.44839
                 16.8288                   0.00016039121                       288.14344
                 16.8302                   0.00016002978                       287.83738
                 16.8316                    0.0001596679                       287.53021
                  16.833                   0.00015930559                       287.22192
                 16.8344                   0.00015894287                       286.91251
                 16.8358                   0.00015857975                       286.60195
                 16.8372                   0.00015821625                       286.29025
                 16.8386                   0.00015785237                       285.97739
                   16.84                   0.00015748815                       285.66335
                 16.8414                   0.00015712359                       285.34814
                 16.8428                   0.00015675871                       285.03173
                 16.8442                   0.00015639354                       284.71413
                 16.8456                   0.00015602808                       284.39531
                  16.847                   0.00015566235                       284.07526
                 16.8484                   0.00015529637                       283.75399
                 16.8498                   0.00015493017                       283.43146
                 16.8512                   0.00015456375                       283.10768
                 16.8526                   0.00015419714                       282.78263
                  16.854                   0.00015383035                        282.4563
                 16.8554                   0.00015346341                       282.12868
                 16.8568                   0.00015309633                       281.79975
                 16.8582                   0.00015272914                        281.4695
                 16.8596                   0.00015236185                       281.13793
                  16.861                   0.00015199448                       280.80502
                 16.8624                   0.00015162706                       280.47075
                 16.8638                   0.00015125961                       280.13511
                 16.8652                   0.00015089214                        279.7981
                 16.8666                   0.00015052469                       279.45969
                  16.868                   0.00015015726                       279.11988
                 16.8694                   0.00014978988                       278.77865
                 16.8708                   0.00014942258                       278.43598
                 16.8722                   0.00014905538                       278.09187
                 16.8736                    0.0001486883                       277.74631
                  16.875                   0.00014832137                       277.39926
                 16.8764                    0.0001479546                       277.05073
                 16.8778                   0.00014758803                        276.7007
                 16.8792                   0.00014722168                       276.34915
                 16.8806                   0.00014685556                       275.99607
                  16.882                   0.00014648972                       275.64145
                 16.8834                   0.00014612417                       275.28526
                 16.8848                   0.00014575894                        274.9275
                 16.8862                   0.00014539406                       274.56815
                 16.8876                   0.00014502955                       274.20719
                  16.889                   0.00014466545                       273.84461
                 16.8904                   0.00014430177                       273.48039
                 16.8918                   0.00014393855                       273.11452
                 16.8932                   0.00014357581                       272.74698
                 16.8946                   0.00014321359                       272.37775
                  16.896                   0.00014285191                       272.00682
                 16.8974                   0.00014249081                       271.63417
                 16.8988                   0.00014213031                       271.25978
                 16.9002                   0.00014177045                       270.88365
                 16.9016                   0.00014141125                       270.50574
                  16.903                   0.00014105275                       270.12604
                 16.9044                   0.00014069498                       269.74454
                 16.9058                   0.00014033798                       269.36122
                 16.9072                   0.00013998177                       268.97605
                 16.9086                   0.00013962639                       268.58903
                   16.91                   0.00013927188                       268.20013
                 16.9114                   0.00013891827                       267.80934
                 16.9128                   0.00013856559                       267.41663
                 16.9142                   0.00013821388                       267.02199
                 16.9156                   0.00013786318                        266.6254
                  16.917                   0.00013751353                       266.22683
                 16.9184                   0.00013716496                       265.82628
                 16.9198                   0.00013681751                       265.42372
                 16.9212                   0.00013647121                       265.01913
                 16.9226                   0.00013612612                        264.6125
                  16.924                   0.00013578227                       264.20379
                 16.9254                   0.00013543969                         263.793
                 16.9268                   0.00013509844                        263.3801
                 16.9282                   0.00013475855                       262.96507
                 16.9296                   0.00013442006                       262.54789
                  16.931                   0.00013408303                       262.12854
                 16.9324                   0.00013374748                         261.707
                 16.9338                   0.00013341348                       261.28325
                 16.9352                   0.00013308106                       260.85727
                 16.9366                   0.00013275027                       260.42903
                  16.938                   0.00013242115                       259.99852
                 16.9394                   0.00013209377                       259.56571
                 16.9408                   0.00013176815                       259.13059
                 16.9422                   0.00013144436                       258.69312
                 16.9436                   0.00013112244                        258.2533
                  16.945                   0.00013080244                       257.81109
                 16.9464                   0.00013048442                       257.36648
                 16.9478                   0.00013016843                       256.91944
                 16.9492                   0.00012985452                       256.46995
                 16.9506                   0.00012954274                       256.01799
                  16.952                   0.00012923316                       255.56354
                 16.9534                   0.00012892583                       255.10657
                 16.9548                    0.0001286208                       254.64707
                 16.9562                   0.00012831813                         254.185
                 16.9576                   0.00012801789                       253.72035
                  16.959                   0.00012772013                        253.2531
                 16.9604                   0.00012742491                       252.78323
                 16.9618                    0.0001271323                        252.3107
                 16.9632                   0.00012684236                        251.8355
                 16.9646                   0.00012655515                       251.35761
                  16.966                   0.00012627074                         250.877
                 16.9674                   0.00012598919                       250.39366
                 16.9688                   0.00012571058                       249.90755
                 16.9702                   0.00012543497                       249.41867
                 16.9716                   0.00012516243                       248.92698
                  16.973                   0.00012489303                       248.43246
                 16.9744                   0.00012462685                        247.9351
                 16.9758                   0.00012436395                       247.43488
                 16.9772                   0.00012410442                       246.93176
                 16.9786                   0.00012384832                       246.42573
                   16.98                   0.00012359574                       245.91677
                 16.9814                   0.00012334675                       245.40486
                 16.9828                   0.00012310144                       244.88998
                 16.9842                   0.00012285988                       244.37211
                 16.9856                   0.00012262216                       243.85123
                  16.987                   0.00012238837                       243.32732
                 16.9884                   0.00012215857                       242.80035
                 16.9898                   0.00012193288                       242.27032
                 16.9912                   0.00012171136                       241.73721
                 16.9926                   0.00012149412                       241.20099
                  16.994                   0.00012128123                       240.66165
                 16.9954                   0.00012107281                       240.11917
                 16.9968                   0.00012086893                       239.57353
                 16.9982                    0.0001206697                       239.02473
                 16.9996                   0.00012047521                       238.47274
                  17.001                   0.00012028557                       237.91755
                 17.0024                   0.00012010086                       237.35914
                 17.0038                   0.00011992121                       236.79751
                 17.0052                    0.0001197467                       236.23264
                 17.0066                   0.00011957744                       235.66451
                  17.008                   0.00011941355                       235.09313
                 17.0094                   0.00011925513                       234.51846
                 17.0108                   0.00011910229                       233.94052
                 17.0122                   0.00011895515                       233.35927
                 17.0136                   0.00011881381                       232.77473
                  17.015                    0.0001186784                       232.18688
                 17.0164                   0.00011854904                       231.59572
                 17.0178                   0.00011842584                       231.00124
                 17.0192                   0.00011830892                       230.40343
                 17.0206                   0.00011819841                        229.8023
                  17.022                   0.00011809444                       229.19783
                 17.0234                   0.00011799714                       228.59004
                 17.0248                   0.00011790662                       227.97891
                 17.0262                   0.00011782303                       227.36446
                 17.0276                    0.0001177465                       226.74668
                  17.029                   0.00011767716                       226.12558
                 17.0304                   0.00011761516                       225.50116
                 17.0318                   0.00011756063                       224.87342
                 17.0332                   0.00011751371                       224.24239
                 17.0346                   0.00011747454                       223.60805
                  17.036                   0.00011744328                       222.97044
                 17.0374                   0.00011742008                       222.32955
                 17.0388                   0.00011740507                       221.68539
                 17.0402                   0.00011739842                       221.03799
                 17.0416                   0.00011740028                       220.38737
                  17.043                   0.00011741081                       219.73352
                 17.0444                   0.00011743016                       219.07649
                 17.0458                    0.0001174585                       218.41628
                 17.0472                   0.00011749599                       217.75292
                 17.0486                   0.00011754279                       217.08644
                   17.05                   0.00011759908                       216.41685
                 17.0514                   0.00011766503                       215.74419
                 17.0528                    0.0001177408                       215.06848
                 17.0542                   0.00011782658                       214.38976
                 17.0556                   0.00011792253                       213.70805
                  17.057                   0.00011802885                       213.02339
                 17.0584                    0.0001181457                       212.33581
                 17.0598                   0.00011827329                       211.64536
                 17.0612                   0.00011841178                       210.95206
                 17.0626                   0.00011856138                       210.25597
                  17.064                   0.00011872227                       209.55711
                 17.0654                   0.00011889464                       208.85554
                 17.0668                    0.0001190787                        208.1513
                 17.0682                   0.00011927464                       207.44444
                 17.0696                   0.00011948267                         206.735
                  17.071                   0.00011970298                       206.02303
                 17.0724                   0.00011993579                       205.30858
                 17.0738                    0.0001201813                       204.59172
                 17.0752                   0.00012043972                       203.87248
                 17.0766                   0.00012071128                       203.15093
                  17.078                   0.00012099617                       202.42712
                 17.0794                   0.00012129463                       201.70111
                 17.0808                   0.00012160688                       200.97297
                 17.0822                   0.00012193314                       200.24274
                 17.0836                   0.00012227363                        199.5105
                  17.085                    0.0001226286                        198.7763
                 17.0864                   0.00012299826                       198.04022
                 17.0878                   0.00012338286                       197.30231
                 17.0892                   0.00012378264                       196.56264
                 17.0906                   0.00012419783                       195.82128
                  17.092                   0.00012462869                       195.07829
                 17.0934                   0.00012507545                       194.33375
                 17.0948                   0.00012553838                       193.58772
                 17.0962                   0.00012601772                       192.84028
                 17.0976                   0.00012651372                       192.09149
                  17.099                   0.00012702667                       191.34143
                 17.1004                    0.0001275568                       190.59017
                 17.1018                    0.0001281044                       189.83777
                 17.1032                   0.00012866973                       189.08432
                 17.1046                   0.00012925307                       188.32987
                  17.106                   0.00012985469                       187.57452
                 17.1074                   0.00013047488                       186.81832
                 17.1088                   0.00013111392                       186.06135
                 17.1102                   0.00013177211                       185.30368
                 17.1116                   0.00013244972                       184.54539
                  17.113                   0.00013314707                       183.78654
                 17.1144                   0.00013386446                        183.0272
                 17.1158                   0.00013460219                       182.26746
                 17.1172                   0.00013536057                       181.50737
                 17.1186                   0.00013613991                       180.74701
                   17.12                   0.00013694055                       179.98644
                 17.1214                    0.0001377628                       179.22574
                 17.1228                     0.000138607                       178.46497
                 17.1242                   0.00013947347                        177.7042
                 17.1256                   0.00014036257                       176.94348
                  17.127                   0.00014127464                        176.1829
                 17.1284                   0.00014221003                        175.4225
                 17.1298                   0.00014316911                       174.66236
                 17.1312                   0.00014415223                       173.90252
                 17.1326                   0.00014515977                       173.14306
                  17.134                    0.0001461921                       172.38403
                 17.1354                   0.00014724962                       171.62548
                 17.1368                   0.00014833271                       170.86747
                 17.1382                   0.00014944177                       170.11006
                 17.1396                   0.00015057722                       169.35329
                  17.141                   0.00015173946                       168.59722
                 17.1424                   0.00015292892                       167.84189
                 17.1438                   0.00015414603                       167.08736
                 17.1452                   0.00015539122                       166.33366
                 17.1466                   0.00015666496                       165.58084
                  17.148                   0.00015796769                       164.82894
                 17.1494                   0.00015929989                         164.078
                 17.1508                   0.00016066202                       163.32807
                 17.1522                   0.00016205459                       162.57917
                 17.1536                   0.00016347808                       161.83134
                  17.155                     0.000164933                       161.08461
                 17.1564                   0.00016641988                       160.33901
                 17.1578                   0.00016793924                       159.59457
                 17.1592                   0.00016949164                       158.85132
                 17.1606                   0.00017107762                       158.10929
                  17.162                   0.00017269775                       157.36849
                 17.1634                   0.00017435262                       156.62894
                 17.1648                   0.00017604282                       155.89067
                 17.1662                   0.00017776895                       155.15369
                 17.1676                   0.00017953165                       154.41802
                  17.169                   0.00018133155                       153.68366
                   17.17                   0.00018264033                       153.15994
                 17.1704                    0.0001831693                       152.95064
                 17.1718                   0.00018504558                       152.21896
                 17.1732                   0.00018696106                       151.48863
                 17.1746                   0.00018891646                       150.75965
                  17.176                    0.0001909125                       150.03203
                 17.1774                    0.0001929499                       149.30577
                 17.1788                   0.00019502944                       148.58086
                 17.1802                   0.00019715188                       147.85732
                 17.1816                   0.00019931802                       147.13513
                  17.183                   0.00020152868                        146.4143
                 17.1844                    0.0002037847                        145.6948
                 17.1858                   0.00020608693                       144.97664
                 17.1872                   0.00020843627                       144.25981
                 17.1886                   0.00021083361                       143.54429
                   17.19                   0.00021327988                       142.83007
                 17.1914                   0.00021577604                       142.11713
                 17.1928                   0.00021832306                       141.40547
                 17.1942                   0.00022092197                       140.69505
                 17.1956                   0.00022357378                       139.98587
                  17.197                   0.00022627956                        139.2779
                 17.1984                    0.0002290404                       138.57111
                 17.1998                   0.00023185743                       137.86549
                 17.2012                   0.00023473179                       137.16101
                 17.2026                   0.00023766467                       136.45764
                  17.204                   0.00024065729                       135.75535
                 17.2054                    0.0002437109                       135.05411
                 17.2068                   0.00024682678                        134.3539
                 17.2082                   0.00025000626                       133.65469
                 17.2096                   0.00025325071                       132.95642
                  17.211                   0.00025656152                       132.25909
                 17.2124                   0.00025994014                       131.56264
                 17.2138                   0.00026338804                       130.86703
                 17.2152                   0.00026690676                       130.17224
                 17.2166                   0.00027049786                       129.47822
                  17.218                   0.00027416297                       128.78493
                 17.2194                   0.00027790376                       128.09233
                 17.2208                   0.00028172192                       127.40037
                 17.2222                   0.00028561925                       126.70902
                 17.2236                   0.00028959754                       126.01821
                  17.225                   0.00029365869                       125.32791
                 17.2264                   0.00029780463                       124.63807
                 17.2278                   0.00030203733                       123.94864
                 17.2292                   0.00030635887                       123.25957
                 17.2306                   0.00031077136                       122.57081
                  17.232                   0.00031527697                       121.88229
                 17.2334                   0.00031987797                       121.19398
                 17.2348                   0.00032457667                        120.5058
                 17.2362                   0.00032937548                       119.81772
                 17.2376                   0.00033427686                       119.12966
                  17.239                   0.00033928337                       118.44157
                 17.2404                   0.00034439764                       117.75339
                 17.2418                    0.0003496224                       117.06505
                 17.2432                   0.00035496045                        116.3765
                 17.2446                   0.00036041469                       115.68766
                  17.246                   0.00036598813                       114.99847
                 17.2474                   0.00037168385                       114.30886
                 17.2488                   0.00037750508                       113.61877
                 17.2502                    0.0003834551                       112.92812
                 17.2516                   0.00038953735                       112.23683
                  17.253                   0.00039575536                       111.54485
                 17.2544                   0.00040211279                       110.85208
                 17.2558                   0.00040861344                       110.15845
                 17.2572                   0.00041526122                       109.46389
                 17.2586                   0.00042206019                        108.7683
                   17.26                   0.00042901455                       108.07161
                 17.2614                   0.00043612864                       107.37373
                 17.2628                   0.00044340698                       106.67458
                 17.2642                   0.00045085424                       105.97405
                 17.2656                   0.00045847524                       105.27207
                  17.267                   0.00046627501                       104.56853
                 17.2684                   0.00047425874                       103.86334
                 17.2698                   0.00048243182                        103.1564
                 17.2712                   0.00049079986                        102.4476
                 17.2726                   0.00049936864                       101.73684
                  17.274                    0.0005081442                       101.02401
                 17.2754                   0.00051713279                         100.309
                 17.2768                    0.0005263409                       99.591689
                 17.2782                   0.00053577528                        98.87196
                 17.2796                   0.00054544293                       98.149692
                  17.281                   0.00055535114                       97.424755
                 17.2824                   0.00056550747                        96.69702
                 17.2838                   0.00057591981                       95.966351
                 17.2852                   0.00058659633                       95.232609
                 17.2866                   0.00059754557                       94.495647
                  17.288                   0.00060877637                       93.755316
                 17.2894                   0.00062029798                       93.011461
                 17.2908                      0.00063212                       92.263921
                 17.2922                   0.00064425244                       91.512529
                 17.2936                   0.00065670573                       90.757111
                  17.295                   0.00066949074                       89.997488
                 17.2964                   0.00068261879                       89.233472
                 17.2978                    0.0006961017                       88.464869
                 17.2992                   0.00070995179                       87.691477
                 17.3006                   0.00072418191                       86.913085
                  17.302                   0.00073880548                       86.129474
                 17.3034                   0.00075383649                       85.340415
                 17.3048                   0.00076928955                       84.545669
                 17.3062                   0.00078517995                       83.744986
                 17.3076                   0.00080152361                       82.938108
                  17.309                    0.0008183372                       82.124761
                 17.3104                   0.00083563812                       81.304662
                 17.3118                   0.00085344457                       80.477513
                 17.3132                   0.00087177557                       79.643001
                 17.3146                   0.00089065099                       78.800801
                  17.316                   0.00091009165                       77.950571
                 17.3174                   0.00093011927                        77.09195
                 17.3188                   0.00095075662                       76.224562
                 17.3202                   0.00097202746                       75.348011
                 17.3216                    0.0009939567                       74.461881
                  17.323                    0.0010165703                       73.565735
                 17.3244                    0.0010398956                       72.659111
                 17.3258                     0.001063961                       71.741525
                 17.3272                    0.0010887963                       70.812467
                 17.3286                    0.0011144325                         69.8714
                   17.33                    0.0011409022                       68.917756
                 17.3314                    0.0011682394                       67.950937
                 17.3328                    0.0011964795                       66.970313
                 17.3342                    0.0012256596                       65.975218
                 17.3356                    0.0012558182                       64.964947
                  17.337                    0.0012869955                       63.938759
                 17.3384                    0.0013192335                       62.895869
                 17.3398                    0.0013525755                       61.835447
                 17.3412                    0.0013870667                       60.756616
                 17.3426                    0.0014227539                        59.65845
                  17.344                    0.0014596856                       58.539967
                 17.3454                    0.0014979116                       57.400133
                 17.3468                    0.0015374833                        56.23785
                 17.3482                    0.0015784534                       55.051963
                 17.3496                    0.0016208756                       53.841247
                  17.351                    0.0016648047                       52.604411
                 17.3524                    0.0017102958                       51.340091
                 17.3538                    0.0017574046                       50.046849
                 17.3552                     0.001806186                       48.723172
                 17.3566                    0.0018566946                       47.367464
                  17.358                     0.001908983                       45.978052
                 17.3594                    0.0019631016                       44.553179
                 17.3608                    0.0020190974                       43.091006
                 17.3622                    0.0020770124                       41.589616
                 17.3636                    0.0021368827                       40.047012
                  17.365                    0.0021987365                       38.461124
                 17.3664                    0.0022625922                       36.829817
                 17.3678                     0.002328456                       35.150898
                 17.3692                    0.0023963193                       33.422129
                 17.3706                     0.002466156                       31.641247
                  17.372                    0.0025379188                       29.805981
                 17.3734                    0.0026115357                       27.914081
                 17.3748                    0.0026869064                       25.963351
                 17.3762                    0.0027638974                       23.951685
                 17.3776                    0.0028423381                       21.877115
                  17.379                    0.0029220166                       19.737867
                 17.3804                    0.0030026749                       17.532416
                 17.3818                    0.0030840059                        15.25956
                 17.3832                    0.0031656498                       12.918495
                 17.3846                    0.0032471926                       10.508892
                  17.386                    0.0033281657                       8.0309834
                 17.3874                    0.0034080477                       5.4856482
                 17.3888                    0.0034862681                       2.8744899
                 17.3902                    0.0035622148                         0.19991
                 17.3916                    0.0036352436                       357.46517
                  17.393                    0.0037046915                       354.67441
                 17.3944                    0.0037698925                        351.8327
                 17.3958                    0.0038301962                         348.946
                 17.3972                    0.0038849879                       346.02109
                 17.3986                     0.003933709                       343.06552
                    17.4                    0.0039758774                       340.08748

