                        S2(2),1(1)/abs,linear                S2(2),1(1)/arg,degrees
----------------------------------------------------------------------------------------------------------------
                      16                   0.00043252798                       317.10655
                 16.0014                   0.00043390835                       316.83368
                 16.0028                   0.00043528648                       316.56077
                 16.0042                   0.00043666235                       316.28783
                 16.0056                   0.00043803596                       316.01485
                  16.007                    0.0004394073                       315.74182
                 16.0084                   0.00044077634                       315.46875
                 16.0098                   0.00044214307                       315.19564
                 16.0112                   0.00044350748                       314.92249
                 16.0126                   0.00044486956                       314.64929
                  16.014                    0.0004462293                       314.37604
                 16.0154                   0.00044758667                       314.10274
                 16.0168                   0.00044894166                       313.82939
                 16.0182                   0.00045029427                       313.55598
                 16.0196                   0.00045164448                       313.28253
                  16.021                   0.00045299228                       313.00902
                 16.0224                   0.00045433765                       312.73545
                 16.0238                   0.00045568058                       312.46183
                 16.0252                   0.00045702106                       312.18815
                 16.0266                   0.00045835907                       311.91441
                  16.028                   0.00045969461                        311.6406
                 16.0294                   0.00046102766                       311.36674
                 16.0308                    0.0004623582                       311.09282
                 16.0322                   0.00046368623                       310.81883
                 16.0336                   0.00046501173                       310.54477
                  16.035                    0.0004663347                       310.27065
                 16.0364                   0.00046765511                       309.99646
                 16.0378                   0.00046897296                       309.72221
                 16.0392                   0.00047028824                       309.44788
                 16.0406                   0.00047160093                       309.17349
                  16.042                   0.00047291102                       308.89902
                 16.0434                    0.0004742185                       308.62448
                 16.0448                   0.00047552336                       308.34987
                 16.0462                   0.00047682559                       308.07518
                 16.0476                   0.00047812518                       307.80042
                  16.049                   0.00047942211                       307.52559
                 16.0504                   0.00048071637                       307.25068
                 16.0518                   0.00048200795                       306.97569
                 16.0532                   0.00048329685                       306.70062
                 16.0546                   0.00048458305                       306.42547
                  16.056                   0.00048586654                       306.15024
                 16.0574                   0.00048714731                       305.87494
                 16.0588                   0.00048842535                       305.59955
                 16.0602                   0.00048970065                       305.32408
                 16.0616                    0.0004909732                       305.04853
                  16.063                   0.00049224298                       304.77289
                 16.0644                      0.00049351                       304.49717
                 16.0658                   0.00049477423                       304.22136
                 16.0672                   0.00049603567                       303.94547
                 16.0686                   0.00049729431                        303.6695
                   16.07                   0.00049855014                       303.39343
                 16.0714                   0.00049980315                       303.11728
                 16.0728                   0.00050105333                       302.84104
                 16.0742                   0.00050230067                       302.56471
                 16.0756                   0.00050354516                        302.2883
                  16.077                   0.00050478679                       302.01179
                 16.0784                   0.00050602556                       301.73519
                 16.0798                   0.00050726145                        301.4585
                 16.0812                   0.00050849445                       301.18172
                 16.0826                   0.00050972457                       300.90485
                  16.084                   0.00051095178                       300.62788
                 16.0854                   0.00051217608                       300.35083
                 16.0868                   0.00051339746                       300.07368
                 16.0882                   0.00051461591                       299.79643
                 16.0896                   0.00051583143                       299.51909
                  16.091                     0.000517044                       299.24166
                 16.0924                   0.00051825363                       298.96413
                 16.0938                   0.00051946029                        298.6865
                 16.0952                   0.00052066398                       298.40878
                 16.0966                    0.0005218647                       298.13096
                  16.098                   0.00052306244                       297.85305
                 16.0994                   0.00052425719                       297.57504
                 16.1008                   0.00052544894                       297.29693
                 16.1022                   0.00052663768                       297.01872
                 16.1036                   0.00052782342                       296.74041
                  16.105                   0.00052900613                       296.46201
                 16.1064                   0.00053018582                        296.1835
                 16.1078                   0.00053136248                        295.9049
                 16.1092                   0.00053253609                        295.6262
                 16.1106                   0.00053370667                        295.3474
                  16.112                   0.00053487418                       295.06849
                 16.1134                   0.00053603864                       294.78949
                 16.1148                   0.00053720004                       294.51038
                 16.1162                   0.00053835836                       294.23118
                 16.1176                   0.00053951361                       293.95187
                  16.119                   0.00054066577                       293.67246
                 16.1204                   0.00054181485                       293.39295
                 16.1218                   0.00054296083                       293.11334
                 16.1232                   0.00054410371                       292.83363
                 16.1246                   0.00054524348                       292.55381
                  16.126                   0.00054638014                       292.27389
                 16.1274                   0.00054751369                       291.99387
                 16.1288                   0.00054864411                       291.71375
                 16.1302                   0.00054977141                       291.43352
                 16.1316                   0.00055089558                       291.15319
                  16.133                   0.00055201661                       290.87275
                 16.1344                    0.0005531345                       290.59222
                 16.1358                   0.00055424925                       290.31157
                 16.1372                   0.00055536084                       290.03083
                 16.1386                   0.00055646928                       289.74998
                   16.14                   0.00055757457                       289.46903
                 16.1414                   0.00055867669                       289.18797
                 16.1428                   0.00055977564                       288.90681
                 16.1442                   0.00056087142                       288.62555
                 16.1456                   0.00056196403                       288.34418
                  16.147                   0.00056305346                        288.0627
                 16.1484                   0.00056413971                       287.78112
                 16.1498                   0.00056522278                       287.49944
                 16.1512                   0.00056630265                       287.21766
                 16.1526                   0.00056737934                       286.93576
                  16.154                   0.00056845283                       286.65377
                 16.1554                   0.00056952312                       286.37167
                 16.1568                   0.00057059022                       286.08946
                 16.1582                   0.00057165411                       285.80715
                 16.1596                   0.00057271479                       285.52474
                  16.161                   0.00057377227                       285.24222
                 16.1624                   0.00057482653                        284.9596
                 16.1638                   0.00057587759                       284.67687
                 16.1652                   0.00057692543                       284.39404
                 16.1666                   0.00057797005                        284.1111
                  16.168                   0.00057901145                       283.82806
                 16.1694                   0.00058004963                       283.54492
                 16.1708                   0.00058108459                       283.26167
                 16.1722                   0.00058211633                       282.97832
                 16.1736                   0.00058314484                       282.69486
                  16.175                   0.00058417012                        282.4113
                 16.1764                   0.00058519218                       282.12764
                 16.1778                     0.000586211                       281.84387
                 16.1792                    0.0005872266                          281.56
                 16.1806                   0.00058823897                       281.27602
                  16.182                    0.0005892481                       280.99195
                 16.1834                     0.000590254                       280.70777
                 16.1848                   0.00059125667                       280.42348
                 16.1862                    0.0005922561                       280.13909
                 16.1876                    0.0005932523                        279.8546
                  16.189                   0.00059424527                       279.57001
                 16.1904                     0.000595235                       279.28532
                 16.1918                    0.0005962215                       279.00052
                 16.1932                   0.00059720476                       278.71562
                 16.1946                   0.00059818479                       278.43062
                  16.196                   0.00059916159                       278.14552
                 16.1974                   0.00060013515                       277.86032
                 16.1988                   0.00060110548                       277.57501
                 16.2002                   0.00060207258                        277.2896
                 16.2016                   0.00060303645                        277.0041
                  16.203                   0.00060399709                       276.71849
                 16.2044                    0.0006049545                       276.43278
                 16.2058                   0.00060590869                       276.14697
                 16.2072                   0.00060685964                       275.86107
                 16.2086                   0.00060780737                       275.57506
                   16.21                   0.00060875188                       275.28895
                 16.2114                   0.00060969317                       275.00275
                 16.2128                   0.00061063124                       274.71644
                 16.2142                   0.00061156608                       274.43004
                 16.2156                   0.00061249772                       274.14354
                  16.217                   0.00061342613                       273.85694
                 16.2184                   0.00061435134                       273.57024
                 16.2198                   0.00061527333                       273.28345
                 16.2212                   0.00061619212                       272.99655
                 16.2226                   0.00061710771                       272.70957
                  16.224                   0.00061802009                       272.42248
                 16.2254                   0.00061892927                        272.1353
                 16.2268                   0.00061983525                       271.84802
                 16.2282                   0.00062073804                       271.56065
                 16.2296                   0.00062163764                       271.27319
                  16.231                   0.00062253406                       270.98562
                 16.2324                   0.00062342728                       270.69797
                 16.2338                   0.00062431733                       270.41022
                 16.2352                    0.0006252042                       270.12237
                 16.2366                    0.0006260879                       269.83444
                  16.238                   0.00062696842                       269.54641
                 16.2394                   0.00062784578                       269.25828
                 16.2408                   0.00062871998                       268.97007
                 16.2422                   0.00062959102                       268.68176
                 16.2436                   0.00063045891                       268.39337
                  16.245                   0.00063132364                       268.10488
                 16.2464                   0.00063218523                        267.8163
                 16.2478                   0.00063304368                       267.52763
                 16.2492                   0.00063389899                       267.23887
                 16.2506                   0.00063475117                       266.95002
                  16.252                   0.00063560023                       266.66108
                 16.2534                   0.00063644616                       266.37206
                 16.2548                   0.00063728897                       266.08295
                 16.2562                   0.00063812867                       265.79375
                 16.2576                   0.00063896527                       265.50446
                  16.259                   0.00063979876                       265.21508
                 16.2604                   0.00064062916                       264.92562
                 16.2618                   0.00064145647                       264.63608
                 16.2632                   0.00064228069                       264.34645
                 16.2646                   0.00064310183                       264.05673
                  16.266                    0.0006439199                       263.76693
                 16.2674                    0.0006447349                       263.47705
                 16.2688                   0.00064554684                       263.18708
                 16.2702                   0.00064635573                       262.89703
                 16.2716                   0.00064716156                        262.6069
                  16.273                   0.00064796436                       262.31669
                 16.2744                   0.00064876411                       262.02639
                 16.2758                   0.00064956084                       261.73602
                 16.2772                   0.00065035454                       261.44556
                 16.2786                   0.00065114523                       261.15503
                   16.28                    0.0006519329                       260.86441
                 16.2814                   0.00065271758                       260.57372
                 16.2828                   0.00065349925                       260.28295
                 16.2842                   0.00065427794                       259.99211
                 16.2856                   0.00065505365                       259.70118
                  16.287                   0.00065582638                       259.41018
                 16.2884                   0.00065659615                       259.11911
                 16.2898                   0.00065736296                       258.82796
                 16.2912                   0.00065812681                       258.53673
                 16.2926                   0.00065888772                       258.24543
                  16.294                    0.0006596457                       257.95406
                 16.2954                   0.00066040074                       257.66262
                 16.2968                   0.00066115287                        257.3711
                 16.2982                   0.00066190208                       257.07951
                 16.2996                   0.00066264839                       256.78785
                  16.301                   0.00066339181                       256.49612
                 16.3024                   0.00066413233                       256.20432
                 16.3038                   0.00066486998                       255.91246
                 16.3052                   0.00066560475                       255.62052
                 16.3066                   0.00066633666                       255.32852
                  16.308                   0.00066706572                       255.03645
                 16.3094                   0.00066779194                       254.74431
                 16.3108                   0.00066851531                        254.4521
                 16.3122                   0.00066923586                       254.15984
                 16.3136                    0.0006699536                        253.8675
                  16.315                   0.00067066852                       253.57511
                 16.3164                   0.00067138065                       253.28265
                 16.3178                   0.00067208998                       252.99013
                 16.3192                   0.00067279653                       252.69754
                 16.3206                   0.00067350031                        252.4049
                  16.322                   0.00067420133                       252.11219
                 16.3234                    0.0006748996                       251.81943
                 16.3248                   0.00067559512                        251.5266
                 16.3262                   0.00067628792                       251.23372
                 16.3276                   0.00067697798                       250.94078
                  16.329                   0.00067766534                       250.64779
                 16.3304                   0.00067834999                       250.35473
                 16.3318                   0.00067903195                       250.06163
                 16.3332                   0.00067971122                       249.76846
                 16.3346                   0.00068038783                       249.47525
                  16.336                   0.00068106177                       249.18198
                 16.3374                   0.00068173305                       248.88865
                 16.3388                    0.0006824017                       248.59528
                 16.3402                   0.00068306772                       248.30185
                 16.3416                   0.00068373111                       248.00838
                  16.343                    0.0006843919                       247.71485
                 16.3444                   0.00068505009                       247.42128
                 16.3458                   0.00068570569                       247.12766
                 16.3472                   0.00068635871                       246.83399
                 16.3486                   0.00068700917                       246.54027
                   16.35                   0.00068765707                       246.24651
                 16.3514                   0.00068830243                       245.95271
                 16.3528                   0.00068894525                       245.65886
                 16.3542                   0.00068958556                       245.36497
                 16.3556                   0.00069022335                       245.07103
                  16.357                   0.00069085865                       244.77705
                 16.3584                   0.00069149146                       244.48303
                 16.3598                   0.00069212179                       244.18898
                 16.3612                   0.00069274966                       243.89488
                 16.3626                   0.00069337508                       243.60074
                  16.364                   0.00069399806                       243.30657
                 16.3654                    0.0006946186                       243.01236
                 16.3668                   0.00069523674                       242.71811
                 16.3682                   0.00069585246                       242.42383
                 16.3696                    0.0006964658                       242.12951
                  16.371                   0.00069707675                       241.83517
                 16.3724                   0.00069768533                       241.54078
                 16.3738                   0.00069829156                       241.24637
                 16.3752                   0.00069889545                       240.95192
                 16.3766                     0.000699497                       240.65745
                  16.378                   0.00070009623                       240.36295
                 16.3794                   0.00070069315                       240.06841
                 16.3808                   0.00070128778                       239.77385
                 16.3822                   0.00070188013                       239.47927
                 16.3836                   0.00070247021                       239.18465
                  16.385                   0.00070305803                       238.89002
                 16.3864                   0.00070364361                       238.59535
                 16.3878                   0.00070422695                       238.30067
                 16.3892                   0.00070480808                       238.00596
                 16.3906                     0.000705387                       237.71123
                  16.392                   0.00070596373                       237.41648
                 16.3934                   0.00070653827                       237.12172
                 16.3948                   0.00070711065                       236.82693
                 16.3962                   0.00070768088                       236.53212
                 16.3976                   0.00070824897                        236.2373
                  16.399                   0.00070881492                       235.94246
                 16.4004                   0.00070937876                       235.64761
                 16.4018                   0.00070994051                       235.35274
                 16.4032                   0.00071050016                       235.05786
                 16.4046                   0.00071105774                       234.76297
                  16.406                   0.00071161325                       234.46806
                 16.4074                   0.00071216672                       234.17315
                 16.4088                   0.00071271815                       233.87822
                 16.4102                   0.00071326756                       233.58329
                 16.4116                   0.00071381497                       233.28835
                  16.413                   0.00071436038                        232.9934
                 16.4144                   0.00071490381                       232.69845
                 16.4158                   0.00071544527                       232.40349
                 16.4172                   0.00071598478                       232.10852
                 16.4186                   0.00071652235                       231.81356
                   16.42                   0.00071705799                       231.51859
                 16.4214                   0.00071759172                       231.22362
                 16.4228                   0.00071812356                       230.92865
                 16.4242                   0.00071865351                       230.63368
                 16.4256                   0.00071918158                       230.33872
                  16.427                   0.00071970781                       230.04375
                 16.4284                   0.00072023219                       229.74879
                 16.4298                   0.00072075474                       229.45383
                 16.4312                   0.00072127547                       229.15888
                 16.4326                   0.00072179441                       228.86394
                  16.434                   0.00072231156                         228.569
                 16.4354                   0.00072282694                       228.27408
                 16.4368                   0.00072334056                       227.97916
                 16.4382                   0.00072385243                       227.68425
                 16.4396                   0.00072436258                       227.38935
                  16.441                     0.000724871                       227.09447
                 16.4424                   0.00072537773                        226.7996
                 16.4438                   0.00072588277                       226.50474
                 16.4452                   0.00072638614                        226.2099
                 16.4466                   0.00072688785                       225.91507
                  16.448                   0.00072738791                       225.62026
                 16.4494                   0.00072788635                       225.32547
                 16.4508                   0.00072838317                        225.0307
                 16.4522                   0.00072887838                       224.73595
                 16.4536                   0.00072937202                       224.44122
                  16.455                   0.00072986407                       224.14652
                 16.4564                   0.00073035457                       223.85183
                 16.4578                   0.00073084353                       223.55717
                 16.4592                   0.00073133096                       223.26254
                 16.4606                   0.00073181687                       222.96793
                  16.462                   0.00073230128                       222.67335
                 16.4634                   0.00073278421                        222.3788
                 16.4648                   0.00073326567                       222.08427
                 16.4662                   0.00073374566                       221.78978
                 16.4676                   0.00073422422                       221.49532
                  16.469                   0.00073470135                       221.20089
                 16.4704                   0.00073517707                       220.90649
                 16.4718                   0.00073565139                       220.61213
                 16.4732                   0.00073612432                        220.3178
                 16.4746                   0.00073659588                       220.02351
                  16.476                   0.00073706609                       219.72926
                 16.4774                   0.00073753497                       219.43504
                 16.4788                   0.00073800251                       219.14087
                 16.4802                   0.00073846874                       218.84673
                 16.4816                   0.00073893368                       218.55264
                  16.483                   0.00073939734                       218.25859
                 16.4844                   0.00073985972                       217.96458
                 16.4858                   0.00074032086                       217.67061
                 16.4872                   0.00074078076                       217.37669
                 16.4886                   0.00074123943                       217.08282
                   16.49                    0.0007416969                         216.789
                 16.4914                   0.00074215317                       216.49522
                 16.4928                   0.00074260827                       216.20149
                 16.4942                   0.00074306219                       215.90781
                 16.4956                   0.00074351497                       215.61419
                  16.497                   0.00074396661                       215.32061
                 16.4984                   0.00074441713                       215.02709
                 16.4998                   0.00074486655                       214.73363
                 16.5012                   0.00074531487                       214.44022
                 16.5026                   0.00074576212                       214.14686
                  16.504                    0.0007462083                       213.85357
                 16.5054                   0.00074665343                       213.56033
                 16.5068                   0.00074709754                       213.26715
                 16.5082                   0.00074754062                       212.97403
                 16.5096                   0.00074798269                       212.68098
                  16.511                   0.00074842378                       212.38798
                 16.5124                   0.00074886389                       212.09505
                 16.5138                   0.00074930304                       211.80218
                 16.5152                   0.00074974125                       211.50938
                 16.5166                   0.00075017852                       211.21665
                  16.518                   0.00075061487                       210.92398
                 16.5194                   0.00075105032                       210.63138
                 16.5208                   0.00075148488                       210.33885
                 16.5222                   0.00075191857                       210.04639
                 16.5236                    0.0007523514                       209.75401
                  16.525                   0.00075278338                       209.46169
                 16.5264                   0.00075321453                       209.16945
                 16.5278                   0.00075364486                       208.87728
                 16.5292                   0.00075407439                       208.58519
                 16.5306                   0.00075450313                       208.29317
                  16.532                    0.0007549311                       208.00123
                 16.5334                    0.0007553583                       207.70937
                 16.5348                   0.00075578476                       207.41759
                 16.5362                   0.00075621049                       207.12589
                 16.5376                    0.0007566355                       206.83427
                  16.539                   0.00075705981                       206.54273
                 16.5404                   0.00075748343                       206.25128
                 16.5418                   0.00075790637                       205.95991
                 16.5432                   0.00075832865                       205.66862
                 16.5446                   0.00075875029                       205.37742
                  16.546                   0.00075917129                       205.08631
                 16.5474                   0.00075959167                       204.79528
                 16.5488                   0.00076001145                       204.50434
                 16.5502                   0.00076043063                        204.2135
                 16.5516                   0.00076084924                       203.92274
                  16.553                   0.00076126728                       203.63208
                 16.5544                   0.00076168477                        203.3415
                 16.5558                   0.00076210173                       203.05102
                 16.5572                   0.00076251816                       202.76064
                 16.5586                   0.00076293409                       202.47035
                   16.56                   0.00076334952                       202.18016
                 16.5614                   0.00076376447                       201.89006
                 16.5628                   0.00076417895                       201.60006
                 16.5642                   0.00076459297                       201.31016
                 16.5656                   0.00076500656                       201.02037
                  16.567                   0.00076541971                       200.73067
                 16.5684                   0.00076583246                       200.44107
                 16.5698                    0.0007662448                       200.15157
                 16.5712                   0.00076665675                       199.86218
                 16.5726                   0.00076706833                        199.5729
                  16.574                   0.00076747955                       199.28371
                 16.5754                   0.00076789042                       198.99464
                 16.5768                   0.00076830095                       198.70567
                 16.5782                   0.00076871117                       198.41681
                 16.5796                   0.00076912107                       198.12805
                  16.581                   0.00076953068                       197.83941
                 16.5824                      0.00076994                       197.55088
                 16.5838                   0.00077034906                       197.26246
                  16.585                   0.00077069947                       197.01533
                 16.5852                   0.00077075786                       196.97415
                 16.5866                   0.00077116641                       196.68595
                  16.588                   0.00077157473                       196.39786
                 16.5894                   0.00077198284                       196.10989
                 16.5908                   0.00077239073                       195.82204
                 16.5922                   0.00077279843                        195.5343
                 16.5936                   0.00077320595                       195.24668
                  16.595                   0.00077361331                       194.95917
                 16.5964                    0.0007740205                       194.67179
                 16.5978                   0.00077442755                       194.38452
                 16.5992                   0.00077483447                       194.09738
                 16.6006                   0.00077524127                       193.81035
                  16.602                   0.00077564795                       193.52344
                 16.6034                   0.00077605455                       193.23666
                 16.6048                   0.00077646106                          192.95
                 16.6062                   0.00077686749                       192.66347
                 16.6076                   0.00077727387                       192.37705
                  16.609                    0.0007776802                       192.09077
                 16.6104                   0.00077808649                       191.80461
                 16.6118                   0.00077849275                       191.51857
                 16.6132                     0.000778899                       191.23266
                 16.6146                   0.00077930525                       190.94688
                  16.616                   0.00077971151                       190.66123
                 16.6174                   0.00078011778                       190.37571
                 16.6188                   0.00078052409                       190.09032
                 16.6202                   0.00078093044                       189.80506
                 16.6216                   0.00078133684                       189.51993
                  16.623                   0.00078174331                       189.23493
                 16.6244                   0.00078214985                       188.95007
                 16.6258                   0.00078255648                       188.66533
                 16.6272                   0.00078296321                       188.38074
                 16.6286                   0.00078337004                       188.09627
                   16.63                   0.00078377698                       187.81194
                 16.6314                   0.00078418406                       187.52775
                 16.6328                   0.00078459127                       187.24369
                 16.6342                   0.00078499863                       186.95977
                 16.6356                   0.00078540615                       186.67599
                  16.637                   0.00078581384                       186.39234
                 16.6384                    0.0007862217                       186.10883
                 16.6398                   0.00078662975                       185.82546
                 16.6412                     0.000787038                       185.54223
                 16.6426                   0.00078744645                       185.25914
                  16.644                   0.00078785512                       184.97619
                 16.6454                   0.00078826402                       184.69339
                 16.6468                   0.00078867314                       184.41072
                 16.6482                   0.00078908251                       184.12819
                 16.6496                   0.00078949213                       183.84581
                  16.651                   0.00078990201                       183.56357
                 16.6524                   0.00079031216                       183.28147
                 16.6538                   0.00079072259                       182.99952
                 16.6552                    0.0007911333                       182.71771
                 16.6566                    0.0007915443                       182.43604
                  16.658                   0.00079195561                       182.15452
                 16.6594                   0.00079236722                       181.87314
                 16.6608                   0.00079277915                       181.59191
                 16.6622                    0.0007931914                       181.31082
                 16.6636                   0.00079360398                       181.02988
                  16.665                    0.0007940169                       180.74909
                 16.6664                   0.00079443016                       180.46844
                 16.6678                   0.00079484377                       180.18794
                 16.6692                   0.00079525774                       179.90759
                 16.6706                   0.00079567208                       179.62739
                  16.672                   0.00079608678                       179.34733
                 16.6734                   0.00079650186                       179.06742
                 16.6748                   0.00079691732                       178.78765
                 16.6762                   0.00079733316                       178.50804
                 16.6776                    0.0007977494                       178.22857
                  16.679                   0.00079816603                       177.94926
                 16.6804                   0.00079858306                       177.67009
                 16.6818                   0.00079900049                       177.39107
                 16.6832                   0.00079941834                       177.11219
                 16.6846                    0.0007998366                       176.83347
                  16.686                   0.00080025527                        176.5549
                 16.6874                   0.00080067436                       176.27647
                 16.6888                   0.00080109387                        175.9982
                 16.6902                   0.00080151381                       175.72007
                 16.6916                   0.00080193417                       175.44209
                  16.693                   0.00080235497                       175.16426
                 16.6944                   0.00080277619                       174.88658
                 16.6958                   0.00080319784                       174.60905
                 16.6972                   0.00080361993                       174.33167
                 16.6986                   0.00080404244                       174.05443
                    16.7                   0.00080446539                       173.77735
                 16.7014                   0.00080488877                       173.50041
                 16.7028                   0.00080531258                       173.22362
                 16.7042                   0.00080573682                       172.94698
                 16.7056                   0.00080616149                       172.67048
                  16.707                   0.00080658659                       172.39414
                 16.7084                    0.0008070121                       172.11794
                 16.7098                   0.00080743804                       171.84188
                 16.7112                   0.00080786439                       171.56598
                 16.7126                   0.00080829115                       171.29021
                  16.714                   0.00080871831                        171.0146
                 16.7154                   0.00080914588                       170.73913
                 16.7168                   0.00080957384                        170.4638
                 16.7182                   0.00081000219                       170.18862
                 16.7196                   0.00081043091                       169.91359
                  16.721                   0.00081086001                       169.63869
                 16.7224                   0.00081128947                       169.36394
                 16.7238                   0.00081171927                       169.08933
                 16.7252                   0.00081214943                       168.81487
                 16.7266                    0.0008125799                       168.54054
                  16.728                    0.0008130107                       168.26635
                 16.7294                    0.0008134418                       167.99231
                 16.7308                   0.00081387319                        167.7184
                 16.7322                   0.00081430486                       167.44463
                 16.7336                   0.00081473678                         167.171
                  16.735                   0.00081516894                        166.8975
                 16.7364                   0.00081560132                       166.62414
                 16.7378                    0.0008160339                       166.35091
                 16.7392                   0.00081646667                       166.07782
                 16.7406                   0.00081689959                       165.80486
                  16.742                   0.00081733265                       165.53203
                 16.7434                   0.00081776581                       165.25933
                 16.7448                   0.00081819906                       164.98676
                 16.7462                   0.00081863236                       164.71432
                 16.7476                   0.00081906569                         164.442
                  16.749                   0.00081949901                       164.16981
                 16.7504                   0.00081993229                       163.89775
                 16.7518                   0.00082036549                       163.62581
                 16.7532                   0.00082079858                       163.35399
                 16.7546                   0.00082123151                       163.08229
                  16.756                   0.00082166425                       162.81071
                 16.7574                   0.00082209675                       162.53924
                 16.7588                   0.00082252897                        162.2679
                 16.7602                   0.00082296085                       161.99666
                 16.7616                   0.00082339234                       161.72554
                  16.763                   0.00082382339                       161.45453
                 16.7644                   0.00082425395                       161.18363
                 16.7658                   0.00082468394                       160.91284
                 16.7672                   0.00082511331                       160.64216
                 16.7686                     0.000825542                       160.37157
                   16.77                   0.00082596991                       160.10109
                 16.7714                     0.000826397                       159.83071
                 16.7728                   0.00082682316                       159.56043
                 16.7742                   0.00082724833                       159.29024
                 16.7756                    0.0008276724                       159.02015
                  16.777                    0.0008280953                       158.75015
                 16.7784                   0.00082851692                       158.48024
                 16.7798                   0.00082893715                       158.21042
                 16.7812                   0.00082935589                       157.94069
                 16.7826                   0.00082977302                       157.67104
                  16.784                   0.00083018843                       157.40147
                 16.7854                   0.00083060197                       157.13198
                 16.7868                   0.00083101353                       156.86257
                 16.7882                   0.00083142294                       156.59323
                 16.7896                   0.00083183007                       156.32397
                  16.791                   0.00083223474                       156.05478
                 16.7924                    0.0008326368                       155.78566
                 16.7938                   0.00083303606                       155.51661
                 16.7952                   0.00083343234                       155.24762
                 16.7966                   0.00083382542                       154.97869
                  16.798                   0.00083421511                       154.70983
                 16.7994                   0.00083460118                       154.44103
                 16.8008                   0.00083498338                       154.17229
                 16.8022                   0.00083536147                       153.90361
                 16.8036                   0.00083573518                       153.63499
                  16.805                   0.00083610424                       153.36642
                 16.8064                   0.00083646833                       153.09791
                 16.8078                   0.00083682714                       152.82946
                 16.8092                   0.00083718034                       152.56107
                 16.8106                   0.00083752757                       152.29273
                  16.812                   0.00083786845                       152.02446
                 16.8134                   0.00083820258                       151.75625
                 16.8148                   0.00083852953                        151.4881
                 16.8162                   0.00083884885                       151.22003
                 16.8176                   0.00083916007                       150.95202
                  16.819                   0.00083946266                        150.6841
                 16.8204                   0.00083975608                       150.41627
                 16.8218                   0.00084003977                       150.14853
                 16.8232                   0.00084031311                        149.8809
                 16.8246                   0.00084057544                       149.61339
                  16.826                   0.00084082609                       149.34601
                 16.8274                   0.00084106431                       149.07878
                 16.8288                   0.00084128933                       148.81172
                 16.8302                   0.00084150033                       148.54484
                 16.8316                   0.00084169642                       148.27819
                  16.833                   0.00084187668                       148.01177
                 16.8344                   0.00084204013                       147.74564
                 16.8358                   0.00084218572                       147.47982
                 16.8372                   0.00084231236                       147.21437
                 16.8386                   0.00084241889                       146.94933
                   16.84                   0.00084250409                       146.68476
                 16.8414                   0.00084256666                       146.42073
                 16.8428                   0.00084260527                       146.15732
                 16.8442                    0.0008426185                        145.8946
                 16.8456                    0.0008426049                       145.63268
                  16.847                   0.00084256294                       145.37167
                 16.8484                   0.00084249106                        145.1117
                 16.8498                   0.00084238766                       144.85291
                 16.8512                   0.00084225112                       144.59547
                 16.8526                   0.00084207981                       144.33955
                  16.854                   0.00084187214                       144.08538
                 16.8554                   0.00084162655                       143.83317
                 16.8568                   0.00084134157                        143.5832
                 16.8582                    0.0008410159                       143.33577
                 16.8596                   0.00084064841                       143.09121
                  16.861                   0.00084023826                       142.84989
                 16.8624                   0.00083978497                       142.61223
                 16.8638                   0.00083928854                       142.37868
                 16.8652                    0.0008387496                       142.14975
                 16.8666                    0.0008381695                       141.92599
                  16.868                   0.00083755056                       141.70799
                 16.8694                   0.00083689623                       141.49641
                 16.8708                   0.00083621133                       141.29192
                 16.8722                   0.00083550226                       141.09523
                 16.8736                   0.00083477732                       140.90707
                  16.875                   0.00083404691                       140.72815
                 16.8764                   0.00083332376                       140.55919
                 16.8778                   0.00083262317                        140.4008
                 16.8792                   0.00083196306                       140.25353
                 16.8806                   0.00083136404                       140.11778
                  16.882                   0.00083084923                       139.99373
                 16.8834                   0.00083044389                       139.88133
                 16.8848                    0.0008301749                       139.78023
                 16.8862                    0.0008300699                       139.68969
                 16.8876                   0.00083015621                       139.60862
                  16.889                   0.00083045953                       139.53549
                 16.8904                   0.00083100252                        139.4684
                 16.8918                    0.0008318033                       139.40507
                 16.8932                    0.0008328741                       139.34295
                 16.8946                   0.00083422017                       139.27931
                  16.896                   0.00083583909                       139.21135
                 16.8974                   0.00083772058                       139.13636
                 16.8988                   0.00083984691                       139.05184
                 16.9002                    0.0008421938                       138.95564
                 16.9016                   0.00084473177                       138.84602
                  16.903                   0.00084742778                       138.72172
                 16.9044                   0.00085024698                       138.58198
                 16.9058                    0.0008531544                       138.42654
                 16.9072                   0.00085611641                       138.25555
                 16.9086                    0.0008591019                       138.06954
                   16.91                   0.00086208318                       137.86935
                 16.9114                   0.00086503643                         137.656
                 16.9128                   0.00086794191                       137.43069
                 16.9142                   0.00087078393                       137.19465
                 16.9156                   0.00087355059                       136.94916
                  16.917                   0.00087623341                       136.69545
                 16.9184                   0.00087882691                        136.4347
                 16.9198                   0.00088132814                       136.16801
                 16.9212                   0.00088373624                       135.89638
                 16.9226                     0.000886052                       135.62073
                  16.924                   0.00088827752                       135.34184
                 16.9254                   0.00089041584                       135.06043
                 16.9268                   0.00089247071                       134.77711
                 16.9282                   0.00089444632                       134.49241
                 16.9296                   0.00089634714                       134.20679
                  16.931                   0.00089817776                       133.92062
                 16.9324                    0.0008999428                       133.63423
                 16.9338                   0.00090164681                       133.34789
                 16.9352                   0.00090329422                       133.06181
                 16.9366                   0.00090488927                       132.77618
                  16.938                   0.00090643601                       132.49116
                 16.9394                   0.00090793829                       132.20684
                 16.9408                   0.00090939971                       131.92333
                 16.9422                   0.00091082365                        131.6407
                 16.9436                   0.00091221327                         131.359
                  16.945                   0.00091357152                       131.07827
                 16.9464                   0.00091490112                       130.79854
                 16.9478                   0.00091620461                       130.51981
                 16.9492                   0.00091748434                        130.2421
                 16.9506                   0.00091874247                       129.96541
                  16.952                   0.00091998102                       129.68972
                 16.9534                   0.00092120183                       129.41504
                 16.9548                   0.00092240661                       129.14134
                 16.9562                   0.00092359695                        128.8686
                 16.9576                    0.0009247743                       128.59682
                  16.959                   0.00092594001                       128.32596
                 16.9604                   0.00092709533                         128.056
                 16.9618                   0.00092824141                       127.78693
                 16.9632                   0.00092937931                        127.5187
                 16.9646                   0.00093051001                       127.25131
                  16.966                   0.00093163444                       126.98473
                 16.9674                   0.00093275343                       126.71892
                 16.9688                   0.00093386777                       126.45387
                 16.9702                   0.00093497818                       126.18955
                 16.9716                   0.00093608535                       125.92594
                  16.973                   0.00093718991                       125.66302
                 16.9744                   0.00093829243                       125.40075
                 16.9758                   0.00093939347                       125.13913
                 16.9772                   0.00094049354                       124.87811
                 16.9786                   0.00094159311                        124.6177
                   16.98                   0.00094269263                       124.35785
                 16.9814                   0.00094379252                       124.09856
                 16.9828                   0.00094489318                       123.83981
                 16.9842                   0.00094599496                       123.58156
                 16.9856                   0.00094709822                       123.32382
                  16.987                   0.00094820329                       123.06655
                 16.9884                   0.00094931047                       122.80973
                 16.9898                   0.00095042005                       122.55337
                 16.9912                   0.00095153232                       122.29742
                 16.9926                   0.00095264753                       122.04189
                  16.994                   0.00095376593                       121.78675
                 16.9954                   0.00095488776                       121.53199
                 16.9968                   0.00095601324                        121.2776
                 16.9982                    0.0009571426                       121.02355
                 16.9996                   0.00095827603                       120.76984
                  17.001                   0.00095941373                       120.51646
                 17.0024                   0.00096055589                       120.26338
                 17.0038                    0.0009617027                        120.0106
                 17.0052                   0.00096285432                       119.75811
                 17.0066                   0.00096401094                       119.50589
                  17.008                    0.0009651727                       119.25392
                 17.0094                   0.00096633978                       119.00221
                 17.0108                   0.00096751231                       118.75073
                 17.0122                   0.00096869046                       118.49949
                 17.0136                   0.00096987436                       118.24845
                  17.015                   0.00097106416                       117.99763
                 17.0164                      0.00097226                       117.74699
                 17.0178                     0.000973462                       117.49655
                 17.0192                   0.00097467031                       117.24628
                 17.0206                   0.00097588505                       116.99617
                  17.022                   0.00097710634                       116.74623
                 17.0234                   0.00097833432                       116.49643
                 17.0248                   0.00097956911                       116.24676
                 17.0262                   0.00098081083                       115.99723
                 17.0276                   0.00098205959                       115.74782
                  17.029                   0.00098331553                       115.49852
                 17.0304                   0.00098457875                       115.24932
                 17.0318                   0.00098584937                       115.00022
                 17.0332                   0.00098712752                        114.7512
                 17.0346                    0.0009884133                       114.50226
                  17.036                   0.00098970683                       114.25339
                 17.0374                   0.00099100822                       114.00459
                 17.0388                    0.0009923176                       113.75583
                 17.0402                   0.00099363507                       113.50713
                 17.0416                   0.00099496074                       113.25846
                  17.043                   0.00099629474                       113.00982
                 17.0444                   0.00099763718                       112.76121
                 17.0458                   0.00099898816                       112.51261
                 17.0472                    0.0010003478                       112.26402
                 17.0486                    0.0010017162                       112.01543
                   17.05                    0.0010030936                       111.76684
                 17.0514                    0.0010044799                       111.51822
                 17.0528                    0.0010058754                       111.26959
                 17.0542                    0.0010072801                       111.02093
                 17.0556                    0.0010086942                       110.77223
                  17.057                    0.0010101178                       110.52349
                 17.0584                    0.0010115509                       110.27469
                 17.0598                    0.0010129938                       110.02584
                 17.0612                    0.0010144466                       109.77692
                 17.0626                    0.0010159093                       109.52792
                  17.064                    0.0010173821                       109.27885
                 17.0654                    0.0010188651                       109.02969
                 17.0668                    0.0010203585                       108.78043
                 17.0682                    0.0010218624                       108.53107
                 17.0696                    0.0010233768                        108.2816
                  17.071                     0.001024902                       108.03201
                 17.0724                    0.0010264381                        107.7823
                 17.0738                    0.0010279851                       107.53245
                 17.0752                    0.0010295433                       107.28247
                 17.0766                    0.0010311128                       107.03233
                  17.078                    0.0010326936                       106.78204
                 17.0794                    0.0010342861                       106.53159
                 17.0808                    0.0010358902                       106.28097
                 17.0822                    0.0010375062                       106.03017
                 17.0836                    0.0010391341                       105.77918
                  17.085                    0.0010407742                         105.528
                 17.0864                    0.0010424266                       105.27662
                 17.0878                    0.0010440914                       105.02503
                 17.0892                    0.0010457687                       104.77322
                 17.0906                    0.0010474589                       104.52119
                  17.092                    0.0010491619                       104.26892
                 17.0934                     0.001050878                       104.01641
                 17.0948                    0.0010526073                       103.76365
                 17.0962                    0.0010543501                       103.51063
                 17.0976                    0.0010561064                       103.25735
                  17.099                    0.0010578764                       103.00378
                 17.1004                    0.0010596603                       102.74994
                 17.1018                    0.0010614583                        102.4958
                 17.1032                    0.0010632706                       102.24136
                 17.1046                    0.0010650973                       101.98661
                  17.106                    0.0010669386                       101.73154
                 17.1074                    0.0010687947                       101.47614
                 17.1088                    0.0010706659                       101.22041
                 17.1102                    0.0010725522                       100.96432
                 17.1116                    0.0010744539                       100.70788
                  17.113                    0.0010763713                       100.45108
                 17.1144                    0.0010783044                        100.1939
                 17.1158                    0.0010802535                       99.936329
                 17.1172                    0.0010822188                       99.678366
                 17.1186                    0.0010842005                       99.419999
                   17.12                    0.0010861989                       99.161216
                 17.1214                    0.0010882141                       98.902007
                 17.1228                    0.0010902465                       98.642361
                 17.1242                    0.0010922961                       98.382269
                 17.1256                    0.0010943632                       98.121719
                  17.127                    0.0010964481                       97.860701
                 17.1284                    0.0010985511                       97.599203
                 17.1298                    0.0011006722                       97.337214
                 17.1312                    0.0011028119                       97.074723
                 17.1326                    0.0011049703                       96.811718
                  17.134                    0.0011071478                       96.548188
                 17.1354                    0.0011093445                        96.28412
                 17.1368                    0.0011115607                       96.019503
                 17.1382                    0.0011137967                       95.754325
                 17.1396                    0.0011160528                       95.488572
                  17.141                    0.0011183292                       95.222232
                 17.1424                    0.0011206263                       94.955293
                 17.1438                    0.0011229443                       94.687741
                 17.1452                    0.0011252835                       94.419563
                 17.1466                    0.0011276443                       94.150745
                  17.148                    0.0011300268                       93.881275
                 17.1494                    0.0011324315                       93.611137
                 17.1508                    0.0011348586                       93.340317
                 17.1522                    0.0011373085                       93.068802
                 17.1536                    0.0011397814                       92.796576
                  17.155                    0.0011422778                       92.523625
                 17.1564                     0.001144798                       92.249933
                 17.1578                    0.0011473423                       91.975486
                 17.1592                     0.001149911                       91.700266
                 17.1606                    0.0011525045                       91.424259
                  17.162                    0.0011551232                       91.147447
                 17.1634                    0.0011577675                       90.869815
                 17.1648                    0.0011604377                       90.591345
                 17.1662                    0.0011631342                       90.312021
                 17.1676                    0.0011658575                       90.031824
                  17.169                    0.0011686078                       89.750737
                   17.17                    0.0011705892                       89.549405
                 17.1704                    0.0011713857                       89.468742
                 17.1718                    0.0011741915                       89.185819
                 17.1732                    0.0011770256                       88.901952
                 17.1746                    0.0011798886                       88.617119
                  17.176                    0.0011827807                       88.331302
                 17.1774                    0.0011857026                        88.04448
                 17.1788                    0.0011886545                       87.756633
                 17.1802                    0.0011916371                       87.467741
                 17.1816                    0.0011946507                       87.177781
                  17.183                    0.0011976959                       86.886734
                 17.1844                    0.0012007732                       86.594575
                 17.1858                     0.001203883                       86.301284
                 17.1872                    0.0012070258                       86.006837
                 17.1886                    0.0012102023                       85.711211
                   17.19                    0.0012134128                       85.414381
                 17.1914                    0.0012166581                       85.116324
                 17.1928                    0.0012199385                       84.817014
                 17.1942                    0.0012232547                       84.516426
                 17.1956                    0.0012266073                       84.214535
                  17.197                    0.0012299968                       83.911313
                 17.1984                    0.0012334239                       83.606733
                 17.1998                    0.0012368892                       83.300769
                 17.2012                    0.0012403932                       82.993391
                 17.2026                    0.0012439366                       82.684572
                  17.204                    0.0012475201                        82.37428
                 17.2054                    0.0012511443                       82.062487
                 17.2068                    0.0012548099                       81.749161
                 17.2082                    0.0012585177                       81.434271
                 17.2096                    0.0012622682                       81.117785
                  17.211                    0.0012660622                        80.79967
                 17.2124                    0.0012699005                       80.479891
                 17.2138                    0.0012737837                       80.158416
                 17.2152                    0.0012777127                       79.835208
                 17.2166                    0.0012816882                       79.510231
                  17.218                    0.0012857111                       79.183449
                 17.2194                     0.001289782                       78.854823
                 17.2208                     0.001293902                       78.524316
                 17.2222                    0.0012980717                       78.191887
                 17.2236                     0.001302292                       77.857496
                  17.225                    0.0013065639                       77.521101
                 17.2264                    0.0013108882                       77.182661
                 17.2278                    0.0013152658                       76.842132
                 17.2292                    0.0013196977                       76.499468
                 17.2306                    0.0013241848                       76.154625
                  17.232                    0.0013287281                       75.807555
                 17.2334                    0.0013333285                       75.458212
                 17.2348                    0.0013379871                       75.106544
                 17.2362                    0.0013427048                       74.752503
                 17.2376                    0.0013474828                       74.396036
                  17.239                    0.0013523221                       74.037091
                 17.2404                    0.0013572239                       73.675613
                 17.2418                    0.0013621891                       73.311546
                 17.2432                    0.0013672189                       72.944834
                 17.2446                    0.0013723145                       72.575418
                  17.246                    0.0013774771                       72.203237
                 17.2474                    0.0013827078                       71.828229
                 17.2488                    0.0013880079                       71.450333
                 17.2502                    0.0013933786                       71.069481
                 17.2516                    0.0013988212                       70.685608
                  17.253                    0.0014043369                       70.298645
                 17.2544                    0.0014099271                       69.908522
                 17.2558                    0.0014155932                       69.515165
                 17.2572                    0.0014213364                       69.118501
                 17.2586                    0.0014271581                       68.718454
                   17.26                    0.0014330598                       68.314944
                 17.2614                    0.0014390429                       67.907892
                 17.2628                    0.0014451088                       67.497214
                 17.2642                    0.0014512591                       67.082825
                 17.2656                    0.0014574951                       66.664638
                  17.267                    0.0014638185                       66.242562
                 17.2684                    0.0014702307                       65.816504
                 17.2698                    0.0014767334                        65.38637
                 17.2712                     0.001483328                       64.952061
                 17.2726                    0.0014900163                       64.513477
                  17.274                    0.0014967999                       64.070514
                 17.2754                    0.0015036803                       63.623064
                 17.2768                    0.0015106593                       63.171019
                 17.2782                    0.0015177385                       62.714264
                 17.2796                    0.0015249196                       62.252684
                  17.281                    0.0015322044                       61.786159
                 17.2824                    0.0015395944                       61.314565
                 17.2838                    0.0015470916                       60.837776
                 17.2852                    0.0015546975                        60.35566
                 17.2866                    0.0015624139                       59.868083
                  17.288                    0.0015702427                       59.374906
                 17.2894                    0.0015781854                       58.875986
                 17.2908                    0.0015862439                       58.371177
                 17.2922                    0.0015944198                       57.860326
                 17.2936                    0.0016027148                       57.343277
                  17.295                    0.0016111308                        56.81987
                 17.2964                    0.0016196692                       56.289939
                 17.2978                    0.0016283318                       55.753314
                 17.2992                    0.0016371202                       55.209818
                 17.3006                    0.0016460359                        54.65927
                  17.302                    0.0016550804                       54.101484
                 17.3034                    0.0016642552                       53.536268
                 17.3048                    0.0016735617                       52.963424
                 17.3062                    0.0016830012                       52.382748
                 17.3076                    0.0016925748                        51.79403
                  17.309                    0.0017022838                       51.197054
                 17.3104                     0.001712129                       50.591598
                 17.3118                    0.0017221115                       49.977432
                 17.3132                    0.0017322319                       49.354322
                 17.3146                    0.0017424908                       48.722024
                  17.316                    0.0017528887                       48.080289
                 17.3174                    0.0017634256                       47.428861
                 17.3188                    0.0017741017                       46.767476
                 17.3202                    0.0017849166                       46.095863
                 17.3216                    0.0017958698                       45.413744
                  17.323                    0.0018069606                       44.720832
                 17.3244                    0.0018181878                       44.016834
                 17.3258                    0.0018295499                        43.30145
                 17.3272                    0.0018410451                       42.574371
                 17.3286                     0.001852671                       41.835281
                   17.33                    0.0018644251                       41.083856
                 17.3314                    0.0018763039                       40.319765
                 17.3328                    0.0018883039                       39.542671
                 17.3342                    0.0019004205                       38.752227
                 17.3356                    0.0019126488                       37.948081
                  17.337                    0.0019249832                       37.129876
                 17.3384                    0.0019374172                       36.297244
                 17.3398                    0.0019499437                       35.449817
                 17.3412                    0.0019625545                       34.587217
                 17.3426                    0.0019752406                       33.709064
                  17.344                    0.0019879921                       32.814972
                 17.3454                    0.0020007979                       31.904554
                 17.3468                     0.002013646                        30.97742
                 17.3482                    0.0020265229                       30.033177
                 17.3496                    0.0020394139                       29.071434
                  17.351                    0.0020523033                         28.0918
                 17.3524                    0.0020651735                       27.093888
                 17.3538                    0.0020780056                       26.077314
                 17.3552                    0.0020907794                         25.0417
                 17.3566                    0.0021034726                       23.986678
                  17.358                    0.0021160616                       22.911888
                 17.3594                    0.0021285207                       21.816985
                 17.3608                    0.0021408228                       20.701637
                 17.3622                    0.0021529386                       19.565531
                 17.3636                    0.0021648372                       18.408375
                  17.365                    0.0021764854                       17.229902
                 17.3664                    0.0021878486                       16.029871
                 17.3678                    0.0021988901                       14.808073
                 17.3692                    0.0022095712                       13.564334
                 17.3706                    0.0022198516                       12.298518
                  17.372                    0.0022296893                       11.010531
                 17.3734                    0.0022390407                       9.7003281
                 17.3748                    0.0022478607                       8.3679125
                 17.3762                     0.002256103                       7.0133431
                 17.3776                    0.0022637204                       5.6367376
                  17.379                    0.0022706646                       4.2382762
                 17.3804                    0.0022768871                       2.8182051
                 17.3818                     0.002282339                       1.3768405
                 17.3832                    0.0022869718                       359.91457
                 17.3846                    0.0022907374                       358.43186
                  17.386                    0.0022935888                       356.92925
                 17.3874                    0.0022954804                       355.40736
                 17.3888                    0.0022963687                       353.86689
                 17.3902                    0.0022962123                       352.30861
                 17.3916                     0.002294973                       350.73339
                  17.393                    0.0022926158                       349.14216
                 17.3944                    0.0022891099                       347.53593
                 17.3958                    0.0022844283                       345.91578
                 17.3972                    0.0022785493                       344.28285
                 17.3986                    0.0022714562                       342.63835
                    17.4                    0.0022631375                       340.98354

