                        S2(3),1(1)/abs,linear                S2(3),1(1)/arg,degrees
----------------------------------------------------------------------------------------------------------------
                      16                      0.70274644                       135.81688
                 16.0014                       0.7038202                       135.51305
                 16.0028                      0.70489238                       135.20941
                 16.0042                      0.70596297                       134.90596
                 16.0056                      0.70703198                       134.60269
                  16.007                      0.70809939                        134.2996
                 16.0084                       0.7091652                        133.9967
                 16.0098                      0.71022942                       133.69397
                 16.0112                      0.71129205                       133.39143
                 16.0126                      0.71235307                       133.08907
                  16.014                       0.7134125                       132.78688
                 16.0154                      0.71447032                       132.48487
                 16.0168                      0.71552653                       132.18304
                 16.0182                      0.71658114                       131.88138
                 16.0196                      0.71763414                       131.57989
                  16.021                      0.71868553                       131.27857
                 16.0224                       0.7197353                       130.97743
                 16.0238                      0.72078347                       130.67645
                 16.0252                      0.72183001                       130.37564
                 16.0266                      0.72287494                       130.07499
                  16.028                      0.72391825                       129.77451
                 16.0294                      0.72495994                        129.4742
                 16.0308                           0.726                       129.17405
                 16.0322                      0.72703845                       128.87406
                 16.0336                      0.72807526                       128.57423
                  16.035                      0.72911045                       128.27456
                 16.0364                      0.73014401                       127.97505
                 16.0378                      0.73117594                        127.6757
                 16.0392                      0.73220624                        127.3765
                 16.0406                       0.7332349                       127.07745
                  16.042                      0.73426193                       126.77856
                 16.0434                      0.73528732                       126.47983
                 16.0448                      0.73631108                       126.18124
                 16.0462                       0.7373332                        125.8828
                 16.0476                      0.73835367                       125.58452
                  16.049                       0.7393725                       125.28638
                 16.0504                      0.74038969                       124.98838
                 16.0518                      0.74140524                       124.69054
                 16.0532                      0.74241914                       124.39283
                 16.0546                      0.74343139                       124.09527
                  16.056                      0.74444199                       123.79786
                 16.0574                      0.74545095                       123.50058
                 16.0588                      0.74645825                       123.20344
                 16.0602                      0.74746389                       122.90645
                 16.0616                      0.74846789                       122.60959
                  16.063                      0.74947023                       122.31287
                 16.0644                      0.75047091                       122.01628
                 16.0658                      0.75146993                       121.71983
                 16.0672                      0.75246729                       121.42351
                 16.0686                      0.75346299                       121.12732
                   16.07                      0.75445703                       120.83127
                 16.0714                      0.75544941                       120.53534
                 16.0728                      0.75644012                       120.23955
                 16.0742                      0.75742917                       119.94388
                 16.0756                      0.75841654                       119.64834
                  16.077                      0.75940225                       119.35292
                 16.0784                      0.76038629                       119.05764
                 16.0798                      0.76136866                       118.76247
                 16.0812                      0.76234935                       118.46743
                 16.0826                      0.76332837                       118.17251
                  16.084                      0.76430572                       117.87771
                 16.0854                      0.76528138                       117.58303
                 16.0868                      0.76625537                       117.28847
                 16.0882                      0.76722768                       116.99403
                 16.0896                      0.76819831                        116.6997
                  16.091                      0.76916726                       116.40549
                 16.0924                      0.77013452                        116.1114
                 16.0938                       0.7711001                       115.81741
                 16.0952                      0.77206399                       115.52355
                 16.0966                      0.77302619                       115.22979
                  16.098                      0.77398671                       114.93614
                 16.0994                      0.77494553                       114.64261
                 16.1008                      0.77590266                       114.34918
                 16.1022                       0.7768581                       114.05586
                 16.1036                      0.77781184                       113.76265
                  16.105                      0.77876388                       113.46955
                 16.1064                      0.77971423                       113.17655
                 16.1078                      0.78066288                       112.88365
                 16.1092                      0.78160982                       112.59086
                 16.1106                      0.78255507                       112.29817
                  16.112                      0.78349861                       112.00558
                 16.1134                      0.78444044                       111.71309
                 16.1148                      0.78538057                        111.4207
                 16.1162                      0.78631898                       111.12842
                 16.1176                      0.78725569                       110.83622
                  16.119                      0.78819068                       110.54413
                 16.1204                      0.78912396                       110.25213
                 16.1218                      0.79005553                       109.96022
                 16.1232                      0.79098538                       109.66841
                 16.1246                      0.79191351                        109.3767
                  16.126                      0.79283991                       109.08507
                 16.1274                       0.7937646                       108.79354
                 16.1288                      0.79468756                        108.5021
                 16.1302                       0.7956088                       108.21075
                 16.1316                       0.7965283                       107.91948
                  16.133                      0.79744608                       107.62831
                 16.1344                      0.79836213                       107.33722
                 16.1358                      0.79927644                       107.04622
                 16.1372                      0.80018902                        106.7553
                 16.1386                      0.80109986                       106.46447
                   16.14                      0.80200896                       106.17373
                 16.1414                      0.80291633                       105.88306
                 16.1428                      0.80382194                       105.59248
                 16.1442                      0.80472582                       105.30198
                 16.1456                      0.80562794                       105.01156
                  16.147                      0.80652832                       104.72122
                 16.1484                      0.80742695                       104.43096
                 16.1498                      0.80832382                       104.14078
                 16.1512                      0.80921894                       103.85067
                 16.1526                       0.8101123                       103.56064
                  16.154                      0.81100391                       103.27069
                 16.1554                      0.81189375                       102.98081
                 16.1568                      0.81278182                       102.69101
                 16.1582                      0.81366814                       102.40128
                 16.1596                      0.81455268                       102.11162
                  16.161                      0.81543545                       101.82204
                 16.1624                      0.81631645                       101.53253
                 16.1638                      0.81719567                       101.24308
                 16.1652                      0.81807312                       100.95371
                 16.1666                      0.81894879                       100.66441
                  16.168                      0.81982267                       100.37517
                 16.1694                      0.82069477                         100.086
                 16.1708                      0.82156509                       99.796903
                 16.1722                      0.82243361                       99.507868
                 16.1736                      0.82330034                       99.218899
                  16.175                      0.82416528                       98.929995
                 16.1764                      0.82502842                       98.641155
                 16.1778                      0.82588976                       98.352379
                 16.1792                       0.8267493                       98.063665
                 16.1806                      0.82760703                       97.775013
                  16.182                      0.82846296                       97.486423
                 16.1834                      0.82931707                       97.197893
                 16.1848                      0.83016937                       96.909424
                 16.1862                      0.83101986                       96.621014
                 16.1876                      0.83186853                       96.332663
                  16.189                      0.83271538                        96.04437
                 16.1904                       0.8335604                       95.756134
                 16.1918                       0.8344036                       95.467955
                 16.1932                      0.83524496                       95.179833
                 16.1946                       0.8360845                       94.891766
                  16.196                       0.8369222                       94.603754
                 16.1974                      0.83775806                       94.315796
                 16.1988                      0.83859208                       94.027892
                 16.2002                      0.83942426                       93.740042
                 16.2016                      0.84025459                       93.452244
                  16.203                      0.84108306                       93.164498
                 16.2044                      0.84190969                       92.876803
                 16.2058                      0.84273446                       92.589159
                 16.2072                      0.84355737                       92.301565
                 16.2086                      0.84437842                       92.014021
                   16.21                       0.8451976                       91.726526
                 16.2114                      0.84601491                       91.439079
                 16.2128                      0.84683035                       91.151681
                 16.2142                      0.84764392                        90.86433
                 16.2156                       0.8484556                       90.577026
                  16.217                      0.84926541                       90.289768
                 16.2184                      0.85007333                       90.002556
                 16.2198                      0.85087936                       89.715389
                 16.2212                       0.8516835                       89.428267
                 16.2226                      0.85248575                       89.141189
                  16.224                      0.85328609                       88.854155
                 16.2254                      0.85408454                       88.567164
                 16.2268                      0.85488108                       88.280216
                 16.2282                      0.85567571                       87.993311
                 16.2296                      0.85646843                       87.706447
                  16.231                      0.85725923                       87.419624
                 16.2324                      0.85804812                       87.132842
                 16.2338                      0.85883508                         86.8461
                 16.2352                      0.85962011                       86.559398
                 16.2366                      0.86040322                       86.272736
                  16.238                      0.86118439                       85.986112
                 16.2394                      0.86196363                       85.699527
                 16.2408                      0.86274093                       85.412981
                 16.2422                      0.86351628                       85.126471
                 16.2436                      0.86428968                       84.839999
                  16.245                      0.86506114                       84.553564
                 16.2464                      0.86583063                       84.267165
                 16.2478                      0.86659817                       83.980802
                 16.2492                      0.86736375                       83.694474
                 16.2506                      0.86812736                       83.408181
                  16.252                        0.868889                       83.121924
                 16.2534                      0.86964866                         82.8357
                 16.2548                      0.87040635                       82.549511
                 16.2562                      0.87116206                       82.263355
                 16.2576                      0.87191578                       81.977232
                  16.259                      0.87266751                       81.691142
                 16.2604                      0.87341725                       81.405084
                 16.2618                      0.87416499                       81.119058
                 16.2632                      0.87491073                       80.833064
                 16.2646                      0.87565447                       80.547102
                  16.266                       0.8763962                        80.26117
                 16.2674                      0.87713592                       79.975269
                 16.2688                      0.87787362                       79.689399
                 16.2702                      0.87860929                       79.403558
                 16.2716                      0.87934295                       79.117747
                  16.273                      0.88007458                       78.831966
                 16.2744                      0.88080417                       78.546214
                 16.2758                      0.88153173                        78.26049
                 16.2772                      0.88225725                       77.974795
                 16.2786                      0.88298072                       77.689128
                   16.28                      0.88370215                       77.403489
                 16.2814                      0.88442152                       77.117877
                 16.2828                      0.88513884                       76.832293
                 16.2842                       0.8858541                       76.546735
                 16.2856                      0.88656729                       76.261205
                  16.287                      0.88727841                       75.975701
                 16.2884                      0.88798746                       75.690223
                 16.2898                      0.88869444                       75.404772
                 16.2912                      0.88939933                       75.119346
                 16.2926                      0.89010214                       74.833945
                  16.294                      0.89080287                        74.54857
                 16.2954                      0.89150149                        74.26322
                 16.2968                      0.89219803                       73.977894
                 16.2982                      0.89289246                       73.692594
                 16.2996                      0.89358478                       73.407317
                  16.301                        0.894275                       73.122065
                 16.3024                       0.8949631                       72.836837
                 16.3038                      0.89564909                       72.551633
                 16.3052                      0.89633295                       72.266452
                 16.3066                      0.89701469                       71.981294
                  16.308                       0.8976943                        71.69616
                 16.3094                      0.89837178                       71.411049
                 16.3108                      0.89904712                        71.12596
                 16.3122                      0.89972032                       70.840895
                 16.3136                      0.90039137                       70.555852
                  16.315                      0.90106027                       70.270831
                 16.3164                      0.90172702                       69.985832
                 16.3178                      0.90239161                       69.700856
                 16.3192                      0.90305403                       69.415901
                 16.3206                       0.9037143                       69.130969
                  16.322                      0.90437239                       68.846058
                 16.3234                       0.9050283                       68.561168
                 16.3248                      0.90568204                         68.2763
                 16.3262                       0.9063336                       67.991453
                 16.3276                      0.90698297                       67.706627
                  16.329                      0.90763015                       67.421823
                 16.3304                      0.90827514                       67.137039
                 16.3318                      0.90891793                       66.852277
                 16.3332                      0.90955852                       66.567535
                 16.3346                       0.9101969                       66.282814
                  16.336                      0.91083307                       65.998113
                 16.3374                      0.91146703                       65.713433
                 16.3388                      0.91209877                       65.428774
                 16.3402                      0.91272828                       65.144135
                 16.3416                      0.91335558                       64.859516
                  16.343                      0.91398064                       64.574917
                 16.3444                      0.91460347                       64.290339
                 16.3458                      0.91522406                       64.005781
                 16.3472                      0.91584242                       63.721243
                 16.3486                      0.91645852                       63.436726
                   16.35                      0.91707238                       63.152228
                 16.3514                      0.91768399                        62.86775
                 16.3528                      0.91829335                       62.583293
                 16.3542                      0.91890044                       62.298855
                 16.3556                      0.91950527                       62.014438
                  16.357                      0.92010783                        61.73004
                 16.3584                      0.92070812                       61.445662
                 16.3598                      0.92130614                       61.161305
                 16.3612                      0.92190189                       60.876967
                 16.3626                      0.92249535                       60.592649
                  16.364                      0.92308652                       60.308352
                 16.3654                      0.92367541                       60.024074
                 16.3668                        0.924262                       59.739816
                 16.3682                      0.92484631                       59.455579
                 16.3696                      0.92542831                       59.171361
                  16.371                      0.92600801                       58.887164
                 16.3724                       0.9265854                       58.602987
                 16.3738                      0.92716049                        58.31883
                 16.3752                      0.92773327                       58.034693
                 16.3766                      0.92830372                       57.750577
                  16.378                      0.92887187                        57.46648
                 16.3794                      0.92943769                       57.182405
                 16.3808                      0.93000118                        56.89835
                 16.3822                      0.93056235                       56.614315
                 16.3836                      0.93112118                       56.330301
                  16.385                      0.93167769                       56.046307
                 16.3864                      0.93223185                       55.762335
                 16.3878                      0.93278368                       55.478383
                 16.3892                      0.93333316                       55.194452
                 16.3906                      0.93388029                       54.910542
                  16.392                      0.93442508                       54.626654
                 16.3934                      0.93496751                       54.342786
                 16.3948                      0.93550759                        54.05894
                 16.3962                      0.93604532                       53.775115
                 16.3976                      0.93658068                       53.491312
                  16.399                      0.93711368                       53.207531
                 16.4004                      0.93764432                       52.923771
                 16.4018                      0.93817258                       52.640033
                 16.4032                      0.93869848                       52.356317
                 16.4046                        0.939222                       52.072623
                  16.406                      0.93974315                       51.788952
                 16.4074                      0.94026192                       51.505303
                 16.4088                      0.94077831                       51.221676
                 16.4102                      0.94129232                       50.938072
                 16.4116                      0.94180394                       50.654491
                  16.413                      0.94231317                       50.370933
                 16.4144                      0.94282002                       50.087398
                 16.4158                      0.94332447                       49.803887
                 16.4172                      0.94382653                       49.520399
                 16.4186                       0.9443262                       49.236934
                   16.42                      0.94482347                       48.953493
                 16.4214                      0.94531833                       48.670076
                 16.4228                       0.9458108                       48.386683
                 16.4242                      0.94630086                       48.103315
                 16.4256                      0.94678852                       47.819971
                  16.427                      0.94727377                       47.536651
                 16.4284                      0.94775661                       47.253356
                 16.4298                      0.94823704                       46.970087
                 16.4312                      0.94871506                       46.686842
                 16.4326                      0.94919067                       46.403623
                  16.434                      0.94966386                       46.120429
                 16.4354                      0.95013463                       45.837261
                 16.4368                      0.95060299                       45.554119
                 16.4382                      0.95106893                       45.271004
                 16.4396                      0.95153245                       44.987914
                  16.441                      0.95199355                       44.704851
                 16.4424                      0.95245222                       44.421815
                 16.4438                      0.95290847                       44.138806
                 16.4452                       0.9533623                       43.855824
                 16.4466                       0.9538137                        43.57287
                  16.448                      0.95426268                       43.289943
                 16.4494                      0.95470922                       43.007044
                 16.4508                      0.95515334                       42.724173
                 16.4522                      0.95559504                        42.44133
                 16.4536                       0.9560343                       42.158516
                  16.455                      0.95647113                        41.87573
                 16.4564                      0.95690553                       41.592974
                 16.4578                       0.9573375                       41.310246
                 16.4592                      0.95776704                       41.027548
                 16.4606                      0.95819415                        40.74488
                  16.462                      0.95861883                       40.462242
                 16.4634                      0.95904107                       40.179634
                 16.4648                      0.95946088                       39.897056
                 16.4662                      0.95987826                       39.614509
                 16.4676                      0.96029321                       39.331992
                  16.469                      0.96070572                       39.049507
                 16.4704                      0.96111581                       38.767053
                 16.4718                      0.96152346                       38.484631
                 16.4732                      0.96192868                       38.202241
                 16.4746                      0.96233147                       37.919882
                  16.476                      0.96273182                       37.637556
                 16.4774                      0.96312975                       37.355263
                 16.4788                      0.96352525                       37.073003
                 16.4802                      0.96391831                       36.790775
                 16.4816                      0.96430895                       36.508581
                  16.483                      0.96469717                       36.226421
                 16.4844                      0.96508295                       35.944295
                 16.4858                      0.96546631                       35.662203
                 16.4872                      0.96584724                       35.380145
                 16.4886                      0.96622575                       35.098122
                   16.49                      0.96660184                       34.816134
                 16.4914                       0.9669755                       34.534181
                 16.4928                      0.96734674                       34.252263
                 16.4942                      0.96771557                       33.970381
                 16.4956                      0.96808197                       33.688536
                  16.497                      0.96844596                       33.406726
                 16.4984                      0.96880754                       33.124953
                 16.4998                       0.9691667                       32.843217
                 16.5012                      0.96952345                       32.561518
                 16.5026                      0.96987779                       32.279857
                  16.504                      0.97022972                       31.998233
                 16.5054                      0.97057924                       31.716647
                 16.5068                      0.97092637                       31.435099
                 16.5082                      0.97127108                       31.153589
                 16.5096                       0.9716134                       30.872118
                  16.511                      0.97195332                       30.590686
                 16.5124                      0.97229085                       30.309294
                 16.5138                      0.97262598                        30.02794
                 16.5152                      0.97295872                       29.746627
                 16.5166                      0.97328908                       29.465354
                  16.518                      0.97361704                       29.184121
                 16.5194                      0.97394263                       28.902928
                 16.5208                      0.97426583                       28.621777
                 16.5222                      0.97458666                       28.340666
                 16.5236                      0.97490511                       28.059597
                  16.525                      0.97522119                        27.77857
                 16.5264                       0.9755349                       27.497584
                 16.5278                      0.97584625                       27.216641
                 16.5292                      0.97615523                        26.93574
                 16.5306                      0.97646185                       26.654882
                  16.532                      0.97676612                       26.374066
                 16.5334                      0.97706804                       26.093294
                 16.5348                       0.9773676                       25.812566
                 16.5362                      0.97766483                       25.531881
                 16.5376                       0.9779597                       25.251241
                  16.539                      0.97825225                       24.970644
                 16.5404                      0.97854245                       24.690093
                 16.5418                      0.97883033                       24.409586
                 16.5432                      0.97911588                       24.129124
                 16.5446                      0.97939911                       23.848707
                  16.546                      0.97968001                       23.568336
                 16.5474                      0.97995861                       23.288011
                 16.5488                      0.98023489                       23.007732
                 16.5502                      0.98050887                       22.727499
                 16.5516                      0.98078055                       22.447313
                  16.553                      0.98104993                       22.167173
                 16.5544                      0.98131702                       21.887081
                 16.5558                      0.98158182                       21.607036
                 16.5572                      0.98184434                       21.327039
                 16.5586                      0.98210457                       21.047089
                   16.56                      0.98236254                       20.767187
                 16.5614                      0.98261824                       20.487334
                 16.5628                      0.98287167                       20.207529
                 16.5642                      0.98312285                       19.927773
                 16.5656                      0.98337177                       19.648066
                  16.567                      0.98361844                       19.368408
                 16.5684                      0.98386287                         19.0888
                 16.5698                      0.98410507                       18.809241
                 16.5712                      0.98434503                       18.529732
                 16.5726                      0.98458276                       18.250274
                  16.574                      0.98481828                       17.970865
                 16.5754                      0.98505158                       17.691507
                 16.5768                      0.98528266                         17.4122
                 16.5782                      0.98551155                       17.132944
                 16.5796                      0.98573824                       16.853739
                  16.581                      0.98596273                       16.574586
                 16.5824                      0.98618504                       16.295484
                 16.5838                      0.98640517                       16.016433
                  16.585                      0.98659213                       15.777289
                 16.5852                      0.98662313                       15.737435
                 16.5866                      0.98683892                       15.458489
                  16.588                      0.98705255                       15.179596
                 16.5894                      0.98726402                       14.900754
                 16.5908                      0.98747334                       14.621966
                 16.5922                      0.98768053                       14.343231
                 16.5936                      0.98788558                       14.064548
                  16.595                       0.9880885                        13.78592
                 16.5964                      0.98828929                       13.507344
                 16.5978                      0.98848798                       13.228822
                 16.5992                      0.98868455                       12.950354
                 16.6006                      0.98887902                        12.67194
                  16.602                       0.9890714                        12.39358
                 16.6034                       0.9892617                       12.115275
                 16.6048                      0.98944991                       11.837024
                 16.6062                      0.98963605                       11.558827
                 16.6076                      0.98982012                       11.280685
                  16.609                      0.99000214                       11.002598
                 16.6104                       0.9901821                       10.724567
                 16.6118                      0.99036002                        10.44659
                 16.6132                      0.99053591                       10.168669
                 16.6146                      0.99070977                        9.890803
                  16.616                       0.9908816                       9.6129927
                 16.6174                      0.99105143                       9.3352382
                 16.6188                      0.99121925                       9.0575394
                 16.6202                      0.99138507                       8.7798966
                 16.6216                       0.9915489                       8.5023099
                  16.623                      0.99171076                       8.2247793
                 16.6244                      0.99187064                        7.947305
                 16.6258                      0.99202855                        7.669887
                 16.6272                      0.99218451                       7.3925254
                 16.6286                      0.99233851                       7.1152204
                   16.63                      0.99249058                       6.8379721
                 16.6314                      0.99264072                       6.5607804
                 16.6328                      0.99278893                       6.2836455
                 16.6342                      0.99293523                       6.0065675
                 16.6356                      0.99307962                       5.7295464
                  16.637                      0.99322211                       5.4525824
                 16.6384                      0.99336272                       5.1756753
                 16.6398                      0.99350144                       4.8988254
                 16.6412                      0.99363829                       4.6220326
                 16.6426                      0.99377328                        4.345297
                  16.644                      0.99390641                       4.0686187
                 16.6454                       0.9940377                       3.7919976
                 16.6468                      0.99416715                       3.5154339
                 16.6482                      0.99429477                       3.2389274
                 16.6496                      0.99442058                       2.9624784
                  16.651                      0.99454458                       2.6860867
                 16.6524                      0.99466677                       2.4097524
                 16.6538                      0.99478718                       2.1334755
                 16.6552                       0.9949058                        1.857256
                 16.6566                      0.99502266                       1.5810938
                  16.658                      0.99513775                       1.3049891
                 16.6594                      0.99525108                       1.0289417
                 16.6608                      0.99536268                      0.75295164
                 16.6622                      0.99547254                      0.47701892
                 16.6636                      0.99558067                      0.20114348
                  16.665                      0.99568709                       359.92533
                 16.6664                      0.99579181                       359.64956
                 16.6678                      0.99589483                       359.37386
                 16.6692                      0.99599616                       359.09821
                 16.6706                      0.99609582                       358.82262
                  16.672                      0.99619381                       358.54709
                 16.6734                      0.99629014                       358.27162
                 16.6748                      0.99638483                        357.9962
                 16.6762                      0.99647789                       357.72083
                 16.6776                      0.99656932                       357.44553
                  16.679                      0.99665913                       357.17028
                 16.6804                      0.99674733                       356.89509
                 16.6818                      0.99683394                       356.61995
                 16.6832                      0.99691897                       356.34487
                 16.6846                      0.99700242                       356.06985
                  16.686                       0.9970843                       355.79488
                 16.6874                      0.99716463                       355.51997
                 16.6888                      0.99724342                       355.24511
                 16.6902                      0.99732067                       354.97031
                 16.6916                       0.9973964                       354.69557
                  16.693                      0.99747062                       354.42088
                 16.6944                      0.99754333                       354.14625
                 16.6958                      0.99761455                       353.87167
                 16.6972                       0.9976843                       353.59714
                 16.6986                      0.99775257                       353.32267
                    16.7                      0.99781938                       353.04826
                 16.7014                      0.99788474                        352.7739
                 16.7028                      0.99794866                       352.49959
                 16.7042                      0.99801116                       352.22534
                 16.7056                      0.99807224                       351.95114
                  16.707                      0.99813191                       351.67699
                 16.7084                      0.99819019                        351.4029
                 16.7098                      0.99824709                       351.12886
                 16.7112                      0.99830261                       350.85487
                 16.7126                      0.99835676                       350.58094
                  16.714                      0.99840957                       350.30705
                 16.7154                      0.99846104                       350.03322
                 16.7168                      0.99851117                       349.75944
                 16.7182                      0.99855999                       349.48572
                 16.7196                       0.9986075                       349.21204
                  16.721                      0.99865372                       348.93842
                 16.7224                      0.99869865                       348.66484
                 16.7238                       0.9987423                       348.39132
                 16.7252                       0.9987847                       348.11784
                 16.7266                      0.99882584                       347.84442
                  16.728                      0.99886574                       347.57104
                 16.7294                      0.99890441                       347.29772
                 16.7308                      0.99894186                       347.02444
                 16.7322                      0.99897811                       346.75121
                 16.7336                      0.99901316                       346.47803
                  16.735                      0.99904703                       346.20489
                 16.7364                      0.99907973                       345.93181
                 16.7378                      0.99911126                       345.65877
                 16.7392                      0.99914165                       345.38577
                 16.7406                      0.99917089                       345.11283
                  16.742                      0.99919901                       344.83993
                 16.7434                      0.99922601                       344.56707
                 16.7448                      0.99925191                       344.29426
                 16.7462                      0.99927672                       344.02149
                 16.7476                      0.99930044                       343.74877
                  16.749                      0.99932309                       343.47609
                 16.7504                      0.99934469                       343.20345
                 16.7518                      0.99936524                       342.93086
                 16.7532                      0.99938475                       342.65831
                 16.7546                      0.99940324                        342.3858
                  16.756                      0.99942072                       342.11333
                 16.7574                      0.99943719                        341.8409
                 16.7588                      0.99945268                       341.56851
                 16.7602                      0.99946719                       341.29616
                 16.7616                      0.99948073                       341.02386
                  16.763                      0.99949332                       340.75159
                 16.7644                      0.99950496                       340.47935
                 16.7658                      0.99951567                       340.20716
                 16.7672                      0.99952547                         339.935
                 16.7686                      0.99953435                       339.66288
                   16.77                      0.99954234                        339.3908
                 16.7714                      0.99954944                       339.11875
                 16.7728                      0.99955567                       338.84673
                 16.7742                      0.99956103                       338.57475
                 16.7756                      0.99956555                       338.30281
                  16.777                      0.99956923                        338.0309
                 16.7784                      0.99957208                       337.75901
                 16.7798                      0.99957411                       337.48717
                 16.7812                      0.99957534                       337.21535
                 16.7826                      0.99957578                       336.94356
                  16.784                      0.99957544                        336.6718
                 16.7854                      0.99957432                       336.40007
                 16.7868                      0.99957245                       336.12837
                 16.7882                      0.99956984                        335.8567
                 16.7896                      0.99956649                       335.58506
                  16.791                      0.99956241                       335.31344
                 16.7924                      0.99955763                       335.04185
                 16.7938                      0.99955214                       334.77028
                 16.7952                      0.99954597                       334.49874
                 16.7966                      0.99953912                       334.22722
                  16.798                       0.9995316                       333.95572
                 16.7994                      0.99952343                       333.68425
                 16.8008                      0.99951462                       333.41279
                 16.8022                      0.99950518                       333.14136
                 16.8036                      0.99949512                       332.86995
                  16.805                      0.99948445                       332.59855
                 16.8064                      0.99947319                       332.32718
                 16.8078                      0.99946134                       332.05582
                 16.8092                      0.99944892                       331.78448
                 16.8106                      0.99943593                       331.51315
                  16.812                       0.9994224                       331.24184
                 16.8134                      0.99940832                       330.97054
                 16.8148                      0.99939372                       330.69926
                 16.8162                       0.9993786                       330.42799
                 16.8176                      0.99936298                       330.15673
                  16.819                      0.99934687                       329.88548
                 16.8204                      0.99933027                       329.61424
                 16.8218                       0.9993132                       329.34301
                 16.8232                      0.99929567                       329.07178
                 16.8246                       0.9992777                       328.80057
                  16.826                      0.99925928                       328.52935
                 16.8274                      0.99924045                       328.25815
                 16.8288                      0.99922119                       327.98695
                 16.8302                      0.99920154                       327.71575
                 16.8316                      0.99918149                       327.44455
                  16.833                      0.99916106                       327.17335
                 16.8344                      0.99914026                       326.90216
                 16.8358                       0.9991191                       326.63096
                 16.8372                       0.9990976                       326.35976
                 16.8386                      0.99907575                       326.08856
                   16.84                      0.99905359                       325.81735
                 16.8414                      0.99903111                       325.54614
                 16.8428                      0.99900832                       325.27493
                 16.8442                      0.99898524                        325.0037
                 16.8456                      0.99896188                       324.73247
                  16.847                      0.99893825                       324.46122
                 16.8484                      0.99891436                       324.18997
                 16.8498                      0.99889022                        323.9187
                 16.8512                      0.99886585                       323.64743
                 16.8526                      0.99884124                       323.37613
                  16.854                      0.99881642                       323.10483
                 16.8554                       0.9987914                        322.8335
                 16.8568                      0.99876617                       322.56216
                 16.8582                      0.99874077                        322.2908
                 16.8596                      0.99871519                       322.01942
                  16.861                      0.99868944                       321.74801
                 16.8624                      0.99866355                       321.47659
                 16.8638                      0.99863751                       321.20514
                 16.8652                      0.99861134                       320.93367
                 16.8666                      0.99858505                       320.66217
                  16.868                      0.99855864                       320.39064
                 16.8694                      0.99853214                       320.11908
                 16.8708                      0.99850555                        319.8475
                 16.8722                      0.99847887                       319.57588
                 16.8736                      0.99845213                       319.30423
                  16.875                      0.99842533                       319.03254
                 16.8764                      0.99839848                       318.76082
                 16.8778                      0.99837159                       318.48906
                 16.8792                      0.99834467                       318.21726
                 16.8806                      0.99831773                       317.94543
                  16.882                      0.99829078                       317.67355
                 16.8834                      0.99826383                       317.40163
                 16.8848                       0.9982369                       317.12966
                 16.8862                      0.99820998                       316.85765
                 16.8876                       0.9981831                        316.5856
                  16.889                      0.99815626                       316.31349
                 16.8904                      0.99812946                       316.04134
                 16.8918                      0.99810273                       315.76913
                 16.8932                      0.99807607                       315.49687
                 16.8946                      0.99804948                       315.22455
                  16.896                      0.99802298                       314.95218
                 16.8974                      0.99799659                       314.67975
                 16.8988                       0.9979703                       314.40726
                 16.9002                      0.99794412                       314.13471
                 16.9016                      0.99791807                        313.8621
                  16.903                      0.99789216                       313.58943
                 16.9044                      0.99786639                       313.31668
                 16.9058                      0.99784078                       313.04388
                 16.9072                      0.99781533                         312.771
                 16.9086                      0.99779005                       312.49805
                   16.91                      0.99776495                       312.22502
                 16.9114                      0.99774005                       311.95193
                 16.9128                      0.99771534                       311.67876
                 16.9142                      0.99769084                       311.40551
                 16.9156                      0.99766655                       311.13218
                  16.917                      0.99764249                       310.85876
                 16.9184                      0.99761866                       310.58527
                 16.9198                      0.99759508                       310.31169
                 16.9212                      0.99757175                       310.03802
                 16.9226                      0.99754867                       309.76427
                  16.924                      0.99752587                       309.49042
                 16.9254                      0.99750334                       309.21649
                 16.9268                      0.99748109                       308.94245
                 16.9282                      0.99745913                       308.66832
                 16.9296                      0.99743748                        308.3941
                  16.931                      0.99741613                       308.11977
                 16.9324                       0.9973951                       307.84534
                 16.9338                       0.9973744                       307.57081
                 16.9352                      0.99735402                       307.29617
                 16.9366                      0.99733399                       307.02142
                  16.938                       0.9973143                       306.74656
                 16.9394                      0.99729497                       306.47159
                 16.9408                        0.997276                       306.19651
                 16.9422                       0.9972574                       305.92131
                 16.9436                      0.99723917                       305.64599
                  16.945                      0.99722133                       305.37055
                 16.9464                      0.99720389                       305.09499
                 16.9478                      0.99718684                        304.8193
                 16.9492                      0.99717019                       304.54348
                 16.9506                      0.99715396                       304.26754
                  16.952                      0.99713815                       303.99146
                 16.9534                      0.99712276                       303.71525
                 16.9548                       0.9971078                       303.43891
                 16.9562                      0.99709329                       303.16242
                 16.9576                      0.99707922                        302.8858
                  16.959                       0.9970656                       302.60903
                 16.9604                      0.99705244                       302.33211
                 16.9618                      0.99703974                       302.05505
                 16.9632                      0.99702751                       301.77784
                 16.9646                      0.99701576                       301.50047
                  16.966                      0.99700449                       301.22295
                 16.9674                      0.99699371                       300.94527
                 16.9688                      0.99698342                       300.66744
                 16.9702                      0.99697363                       300.38943
                 16.9716                      0.99696435                       300.11127
                  16.973                      0.99695557                       299.83293
                 16.9744                      0.99694731                       299.55443
                 16.9758                      0.99693957                       299.27575
                 16.9772                      0.99693235                        298.9969
                 16.9786                      0.99692567                       298.71787
                   16.98                      0.99691951                       298.43866
                 16.9814                       0.9969139                       298.15926
                 16.9828                      0.99690883                       297.87968
                 16.9842                      0.99690431                       297.59991
                 16.9856                      0.99690034                       297.31994
                  16.987                      0.99689692                       297.03979
                 16.9884                      0.99689406                       296.75943
                 16.9898                      0.99689177                       296.47888
                 16.9912                      0.99689005                       296.19812
                 16.9926                      0.99688889                       295.91715
                  16.994                      0.99688832                       295.63598
                 16.9954                      0.99688831                       295.35459
                 16.9968                      0.99688889                       295.07299
                 16.9982                      0.99689006                       294.79117
                 16.9996                       0.9968918                       294.50913
                  17.001                      0.99689414                       294.22687
                 17.0024                      0.99689707                       293.94438
                 17.0038                       0.9969006                       293.66165
                 17.0052                      0.99690472                        293.3787
                 17.0066                      0.99690944                        293.0955
                  17.008                      0.99691475                       292.81207
                 17.0094                      0.99692067                        292.5284
                 17.0108                       0.9969272                       292.24447
                 17.0122                      0.99693432                        291.9603
                 17.0136                      0.99694206                       291.67587
                  17.015                       0.9969504                       291.39119
                 17.0164                      0.99695935                       291.10625
                 17.0178                       0.9969689                       290.82104
                 17.0192                      0.99697907                       290.53557
                 17.0206                      0.99698984                       290.24983
                  17.022                      0.99700122                       289.96381
                 17.0234                      0.99701321                       289.67751
                 17.0248                      0.99702581                       289.39094
                 17.0262                      0.99703901                       289.10407
                 17.0276                      0.99705283                       288.81692
                  17.029                      0.99706724                       288.52948
                 17.0304                      0.99708227                       288.24174
                 17.0318                      0.99709789                        287.9537
                 17.0332                      0.99711412                       287.66536
                 17.0346                      0.99713094                       287.37671
                  17.036                      0.99714836                       287.08775
                 17.0374                      0.99716638                       286.79847
                 17.0388                      0.99718499                       286.50888
                 17.0402                      0.99720419                       286.21896
                 17.0416                      0.99722397                       285.92871
                  17.043                      0.99724434                       285.63813
                 17.0444                      0.99726528                       285.34721
                 17.0458                       0.9972868                       285.05595
                 17.0472                      0.99730889                       284.76435
                 17.0486                      0.99733155                        284.4724
                   17.05                      0.99735476                        284.1801
                 17.0514                      0.99737853                       283.88744
                 17.0528                      0.99740285                       283.59442
                 17.0542                      0.99742772                       283.30103
                 17.0556                      0.99745313                       283.00727
                  17.057                      0.99747906                       282.71314
                 17.0584                      0.99750552                       282.41862
                 17.0598                       0.9975325                       282.12372
                 17.0612                      0.99755999                       281.82843
                 17.0626                      0.99758799                       281.53275
                  17.064                      0.99761648                       281.23666
                 17.0654                      0.99764545                       280.94018
                 17.0668                       0.9976749                       280.64328
                 17.0682                      0.99770483                       280.34597
                 17.0696                      0.99773521                       280.04824
                  17.071                      0.99776604                       279.75008
                 17.0724                       0.9977973                        279.4515
                 17.0738                        0.997829                       279.15248
                 17.0752                      0.99786111                       278.85303
                 17.0766                      0.99789363                       278.55312
                  17.078                      0.99792653                       278.25277
                 17.0794                      0.99795982                       277.95196
                 17.0808                      0.99799348                       277.65069
                 17.0822                      0.99802749                       277.34895
                 17.0836                      0.99806184                       277.04674
                  17.085                      0.99809651                       276.74405
                 17.0864                       0.9981315                       276.44087
                 17.0878                      0.99816678                       276.13721
                 17.0892                      0.99820234                       275.83304
                 17.0906                      0.99823816                       275.52838
                  17.092                      0.99827423                       275.22321
                 17.0934                      0.99831052                       274.91752
                 17.0948                      0.99834703                       274.61132
                 17.0962                      0.99838373                       274.30458
                 17.0976                      0.99842059                       273.99732
                  17.099                      0.99845761                       273.68951
                 17.1004                      0.99849476                       273.38116
                 17.1018                      0.99853202                       273.07225
                 17.1032                      0.99856937                       272.76278
                 17.1046                      0.99860679                       272.45275
                  17.106                      0.99864424                       272.14215
                 17.1074                      0.99868172                       271.83096
                 17.1088                      0.99871918                       271.51919
                 17.1102                      0.99875662                       271.20682
                 17.1116                        0.998794                       270.89386
                  17.113                       0.9988313                       270.58028
                 17.1144                      0.99886848                       270.26609
                 17.1158                      0.99890552                       269.95127
                 17.1172                      0.99894239                       269.63582
                 17.1186                      0.99897906                       269.31973
                   17.12                       0.9990155                         269.003
                 17.1214                      0.99905168                       268.68561
                 17.1228                      0.99908756                       268.36756
                 17.1242                      0.99912311                       268.04884
                 17.1256                       0.9991583                       267.72944
                  17.127                      0.99919308                       267.40935
                 17.1284                      0.99922743                       267.08856
                 17.1298                      0.99926131                       266.76708
                 17.1312                      0.99929467                       266.44487
                 17.1326                      0.99932748                       266.12195
                  17.134                       0.9993597                        265.7983
                 17.1354                      0.99939127                        265.4739
                 17.1368                      0.99942217                       265.14876
                 17.1382                      0.99945235                       264.82286
                 17.1396                      0.99948175                       264.49619
                  17.141                      0.99951034                       264.16874
                 17.1424                      0.99953807                        263.8405
                 17.1438                      0.99956488                       263.51147
                 17.1452                      0.99959072                       263.18163
                 17.1466                      0.99961555                       262.85098
                  17.148                       0.9996393                        262.5195
                 17.1494                      0.99966193                       262.18717
                 17.1508                      0.99968337                         261.854
                 17.1522                      0.99970358                       261.51998
                 17.1536                      0.99972248                       261.18508
                  17.155                      0.99974001                        260.8493
                 17.1564                      0.99975612                       260.51262
                 17.1578                      0.99977074                       260.17504
                 17.1592                       0.9997838                       259.83655
                 17.1606                      0.99979524                       259.49713
                  17.162                      0.99980497                       259.15677
                 17.1634                      0.99981294                       258.81546
                 17.1648                      0.99981906                       258.47318
                 17.1662                      0.99982326                       258.12993
                 17.1676                      0.99982546                       257.78568
                  17.169                      0.99982558                       257.44044
                   17.17                      0.99982434                       257.19321
                 17.1704                      0.99982353                       257.09417
                 17.1718                      0.99981924                       256.74688
                 17.1732                      0.99981262                       256.39855
                 17.1746                      0.99980356                       256.04916
                  17.176                      0.99979199                        255.6987
                 17.1774                      0.99977781                       255.34715
                 17.1788                      0.99976091                        254.9945
                 17.1802                       0.9997412                       254.64074
                 17.1816                      0.99971858                       254.28584
                  17.183                      0.99969293                       253.92981
                 17.1844                      0.99966416                       253.57261
                 17.1858                      0.99963214                       253.21423
                 17.1872                      0.99959677                       252.85466
                 17.1886                      0.99955792                       252.49388
                   17.19                      0.99951547                       252.13187
                 17.1914                      0.99946929                       251.76862
                 17.1928                      0.99941927                       251.40411
                 17.1942                      0.99936526                       251.03832
                 17.1956                      0.99930713                       250.67124
                  17.197                      0.99924473                       250.30283
                 17.1984                      0.99917793                        249.9331
                 17.1998                      0.99910657                       249.56201
                 17.2012                      0.99903051                       249.18955
                 17.2026                      0.99894958                       248.81569
                  17.204                      0.99886363                       248.44042
                 17.2054                      0.99877248                       248.06372
                 17.2068                      0.99867597                       247.68557
                 17.2082                      0.99857391                       247.30593
                 17.2096                      0.99846613                        246.9248
                  17.211                      0.99835245                       246.54215
                 17.2124                      0.99823266                       246.15796
                 17.2138                      0.99810657                        245.7722
                 17.2152                      0.99797397                       245.38485
                 17.2166                      0.99783466                       244.99589
                  17.218                      0.99768842                       244.60529
                 17.2194                      0.99753502                       244.21302
                 17.2208                      0.99737424                       243.81907
                 17.2222                      0.99720584                        243.4234
                 17.2236                      0.99702956                       243.02598
                  17.225                      0.99684517                        242.6268
                 17.2264                      0.99665241                       242.22582
                 17.2278                      0.99645099                       241.82301
                 17.2292                      0.99624066                       241.41834
                 17.2306                      0.99602111                       241.01179
                  17.232                      0.99579207                       240.60332
                 17.2334                      0.99555323                       240.19291
                 17.2348                      0.99530427                       239.78051
                 17.2362                      0.99504487                       239.36611
                 17.2376                       0.9947747                       238.94965
                  17.239                      0.99449342                       238.53112
                 17.2404                      0.99420067                       238.11047
                 17.2418                      0.99389609                       237.68767
                 17.2432                      0.99357929                       237.26269
                 17.2446                      0.99324989                       236.83548
                  17.246                      0.99290749                         236.406
                 17.2474                      0.99255167                       235.97423
                 17.2488                      0.99218199                       235.54011
                 17.2502                      0.99179802                       235.10361
                 17.2516                      0.99139929                       234.66468
                  17.253                      0.99098533                       234.22328
                 17.2544                      0.99055564                       233.77936
                 17.2558                      0.99010973                       233.33289
                 17.2572                      0.98964706                       232.88381
                 17.2586                      0.98916709                       232.43208
                   17.26                      0.98866926                       231.97765
                 17.2614                      0.98815298                       231.52046
                 17.2628                      0.98761766                       231.06046
                 17.2642                      0.98706267                       230.59761
                 17.2656                      0.98648736                       230.13185
                  17.267                      0.98589107                       229.66312
                 17.2684                       0.9852731                       229.19136
                 17.2698                      0.98463274                       228.71652
                 17.2712                      0.98396924                       228.23853
                 17.2726                      0.98328183                       227.75734
                  17.274                      0.98256972                       227.27288
                 17.2754                      0.98183207                       226.78508
                 17.2768                      0.98106803                       226.29387
                 17.2782                       0.9802767                        225.7992
                 17.2796                      0.97945717                       225.30098
                  17.281                      0.97860847                       224.79914
                 17.2824                      0.97772961                       224.29361
                 17.2838                      0.97681955                       223.78431
                 17.2852                      0.97587723                       223.27116
                 17.2866                      0.97490153                       222.75407
                  17.288                      0.97389129                       222.23298
                 17.2894                      0.97284531                       221.70777
                 17.2908                      0.97176235                       221.17838
                 17.2922                       0.9706411                        220.6447
                 17.2936                      0.96948022                       220.10663
                  17.295                      0.96827831                       219.56409
                 17.2964                       0.9670339                       219.01698
                 17.2978                      0.96574549                       218.46517
                 17.2992                      0.96441148                       217.90858
                 17.3006                      0.96303024                       217.34709
                  17.302                      0.96160007                       216.78058
                 17.3034                      0.96011918                       216.20894
                 17.3048                      0.95858571                       215.63205
                 17.3062                      0.95699774                       215.04977
                 17.3076                      0.95535327                       214.46199
                  17.309                      0.95365019                       213.86857
                 17.3104                      0.95188632                       213.26937
                 17.3118                       0.9500594                       212.66425
                 17.3132                      0.94816705                       212.05306
                 17.3146                       0.9462068                       211.43566
                  17.316                      0.94417607                       210.81188
                 17.3174                      0.94207218                       210.18156
                 17.3188                      0.93989233                       209.54454
                 17.3202                      0.93763358                       208.90065
                 17.3216                       0.9352929                        208.2497
                  17.323                       0.9328671                       207.59152
                 17.3244                      0.93035285                        206.9259
                 17.3258                      0.92774669                       206.25267
                 17.3272                        0.925045                        205.5716
                 17.3286                        0.922244                        204.8825
                   17.33                      0.91933974                       204.18514
                 17.3314                       0.9163281                       203.47931
                 17.3328                      0.91320479                       202.76476
                 17.3342                      0.90996531                       202.04126
                 17.3356                      0.90660496                       201.30856
                  17.337                      0.90311886                       200.56641
                 17.3384                      0.89950189                       199.81453
                 17.3398                       0.8957487                       199.05266
                 17.3412                      0.89185372                        198.2805
                 17.3426                      0.88781114                       197.49777
                  17.344                      0.88361487                       196.70417
                 17.3454                      0.87925857                       195.89937
                 17.3468                      0.87473563                       195.08306
                 17.3482                      0.87003915                        194.2549
                 17.3496                      0.86516192                       193.41454
                  17.351                      0.86009644                       192.56163
                 17.3524                       0.8548349                        191.6958
                 17.3538                      0.84936915                       190.81667
                 17.3552                       0.8436907                       189.92383
                 17.3566                      0.83779073                        189.0169
                  17.358                      0.83166006                       188.09544
                 17.3594                      0.82528915                       187.15903
                 17.3608                      0.81866809                       186.20721
                 17.3622                      0.81178662                       185.23954
                 17.3636                      0.80463409                       184.25554
                  17.365                      0.79719946                       183.25472
                 17.3664                      0.78947135                       182.23658
                 17.3678                      0.78143798                        181.2006
                 17.3692                      0.77308723                       180.14626
                 17.3706                      0.76440659                       179.07301
                  17.372                      0.75538325                       177.98029
                 17.3734                      0.74600405                       176.86753
                 17.3748                      0.73625555                       175.73414
                 17.3762                      0.72612403                        174.5795
                 17.3776                      0.71559555                       173.40301
                  17.379                      0.70465598                       172.20401
                 17.3804                      0.69329104                       170.98186
                 17.3818                      0.68148639                       169.73588
                 17.3832                      0.66922766                       168.46538
                 17.3846                      0.65650059                       167.16963
                  17.386                      0.64329106                       165.84791
                 17.3874                      0.62958521                       164.49943
                 17.3888                      0.61536958                       163.12339
                 17.3902                      0.60063121                       161.71896
                 17.3916                       0.5853578                       160.28524
                  17.393                      0.56953784                       158.82127
                 17.3944                      0.55316082                       157.32604
                 17.3958                      0.53621735                       155.79842
                 17.3972                      0.51869942                       154.23716
                 17.3986                      0.50060057                       152.64085
                    17.4                      0.48191608                       151.00789

