                        S1(1),1(1)/abs,linear                S1(1),1(1)/arg,degrees
----------------------------------------------------------------------------------------------------------------
                    11.5                      0.76425993                        254.3345
                  11.503                      0.75358754                        253.8668
                  11.506                      0.74329397                       253.40392
                  11.509                      0.73335651                       252.94527
                  11.512                      0.72375416                       252.49037
                  11.515                      0.71446737                       252.03873
                  11.518                      0.70547803                       251.58995
                  11.521                       0.6967693                       251.14366
                  11.524                       0.6883255                       250.69953
                  11.527                      0.68013204                       250.25725
                   11.53                      0.67217536                       249.81655
                  11.533                      0.66444277                        249.3772
                  11.536                      0.65692247                       248.93896
                  11.539                      0.64960341                       248.50165
                  11.542                      0.64247531                       248.06509
                  11.545                      0.63552851                       247.62912
                  11.548                      0.62875401                        247.1936
                  11.551                      0.62214335                       246.75839
                  11.554                      0.61568863                        246.3234
                  11.557                      0.60938243                        245.8885
                   11.56                      0.60321779                       245.45362
                  11.563                      0.59718816                       245.01867
                  11.566                      0.59128742                       244.58357
                  11.569                      0.58550979                       244.14827
                  11.572                      0.57984983                        243.7127
                  11.575                      0.57430244                       243.27681
                  11.578                       0.5688628                       242.84056
                  11.581                      0.56352636                        242.4039
                  11.584                      0.55828886                       241.96681
                  11.587                      0.55314624                       241.52925
                   11.59                       0.5480947                       241.09119
                  11.593                      0.54313063                       240.65261
                  11.596                      0.53825062                       240.21349
                  11.599                      0.53345146                       239.77382
                  11.602                       0.5287301                       239.33356
                  11.605                      0.52408365                       238.89273
                  11.608                      0.51950938                       238.45129
                  11.611                      0.51500469                       238.00925
                  11.614                      0.51056713                       237.56659
                  11.617                      0.50619437                       237.12331
                   11.62                       0.5018842                       236.67941
                  11.623                      0.49763451                       236.23488
                  11.626                      0.49344331                       235.78972
                  11.629                       0.4893087                       235.34392
                  11.632                      0.48522888                       234.89749
                  11.635                      0.48120212                       234.45042
                  11.638                       0.4772268                       234.00272
                  11.641                      0.47330135                       233.55439
                  11.644                      0.46942429                       233.10542
                  11.647                      0.46559421                       232.65582
                   11.65                      0.46180975                       232.20559
                  11.653                      0.45806964                       231.75473
                  11.656                      0.45437264                       231.30324
                  11.659                      0.45071758                       230.85113
                  11.662                      0.44710333                        230.3984
                  11.665                      0.44352883                       229.94504
                  11.668                      0.43999305                       229.49106
                  11.671                      0.43649502                       229.03647
                  11.674                      0.43303378                       228.58126
                  11.677                      0.42960846                       228.12543
                   11.68                      0.42621817                         227.669
                  11.683                      0.42286211                       227.21195
                  11.686                      0.41953948                       226.75429
                  11.689                      0.41624953                       226.29602
                  11.692                      0.41299151                       225.83714
                  11.695                      0.40976475                       225.37766
                  11.698                      0.40656857                       224.91757
                  11.701                      0.40340232                       224.45687
                  11.704                      0.40026538                       223.99556
                  11.707                      0.39715717                       223.53364
                   11.71                       0.3940771                       223.07112
                  11.713                      0.39102463                       222.60798
                  11.716                      0.38799924                       222.14423
                  11.719                       0.3850004                       221.67987
                  11.722                      0.38202762                        221.2149
                  11.725                      0.37908045                        220.7493
                  11.728                      0.37615841                       220.28309
                  11.731                      0.37326106                       219.81626
                  11.734                      0.37038799                        219.3488
                  11.737                      0.36753878                        218.8807
                   11.74                      0.36471304                       218.41198
                  11.743                      0.36191038                       217.94262
                  11.746                      0.35913043                       217.47262
                  11.749                      0.35637285                       217.00197
                  11.752                      0.35363727                       216.53067
                  11.755                      0.35092338                       216.05872
                  11.758                      0.34823084                        215.5861
                  11.761                      0.34555934                       215.11281
                  11.764                      0.34290858                       214.63885
                  11.767                      0.34027826                       214.16421
                   11.77                      0.33766811                       213.68889
                  11.773                      0.33507784                       213.21286
                  11.776                      0.33250719                       212.73614
                  11.779                       0.3299559                        212.2587
                  11.782                      0.32742371                       211.78055
                  11.785                      0.32491039                       211.30167
                  11.788                      0.32241569                       210.82206
                  11.791                      0.31993939                        210.3417
                  11.794                      0.31748126                       209.86058
                  11.797                      0.31504108                       209.37871
                    11.8                      0.31261865                       208.89606
                  11.803                      0.31021375                       208.41263
                  11.806                      0.30782619                        207.9284
                  11.809                      0.30545577                       207.44337
                  11.812                       0.3031023                       206.95753
                  11.815                       0.3007656                       206.47085
                  11.818                      0.29844548                       205.98334
                  11.821                      0.29614178                       205.49498
                  11.824                      0.29385432                       205.00575
                  11.827                      0.29158294                       204.51565
                   11.83                      0.28932747                       204.02466
                  11.833                      0.28708776                       203.53277
                  11.836                      0.28486365                       203.03996
                  11.839                      0.28265499                       202.54622
                  11.842                      0.28046163                       202.05155
                  11.845                      0.27828344                       201.55591
                  11.848                      0.27612027                        201.0593
                  11.851                      0.27397199                        200.5617
                  11.854                      0.27183845                        200.0631
                  11.857                      0.26971955                       199.56349
                   11.86                      0.26761513                       199.06284
                  11.863                      0.26552509                       198.56114
                  11.866                       0.2634493                       198.05837
                  11.869                      0.26138764                       197.55452
                  11.872                         0.25934                       197.04957
                  11.875                      0.25730626                        196.5435
                  11.878                      0.25528631                        196.0363
                  11.881                      0.25328005                       195.52794
                  11.884                      0.25128736                       195.01841
                  11.887                      0.24930815                       194.50769
                   11.89                      0.24734232                       193.99577
                  11.893                      0.24538976                       193.48261
                  11.896                      0.24345038                       192.96821
                  11.899                      0.24152408                       192.45253
                  11.902                      0.23961077                       191.93557
                  11.905                      0.23771037                       191.41731
                  11.908                      0.23582277                       190.89771
                  11.911                       0.2339479                       190.37676
                  11.914                      0.23208568                       189.85444
                  11.917                      0.23023601                       189.33073
                   11.92                      0.22839882                        188.8056
                  11.923                      0.22657402                       188.27903
                  11.926                      0.22476155                         187.751
                  11.929                      0.22296132                       187.22149
                  11.932                      0.22117327                       186.69047
                  11.935                      0.21939731                       186.15792
                  11.938                      0.21763337                       185.62381
                  11.941                       0.2158814                       185.08813
                  11.944                      0.21414132                       184.55084
                  11.947                      0.21241306                       184.01192
                   11.95                      0.21069656                       183.47134
                  11.953                      0.20899176                       182.92908
                  11.956                      0.20729859                       182.38512
                  11.959                        0.205617                       181.83942
                  11.962                      0.20394692                       181.29196
                  11.965                      0.20228831                       180.74272
                  11.968                      0.20064109                       180.19165
                  11.971                      0.19900523                       179.63875
                  11.974                      0.19738066                       179.08397
                  11.977                      0.19576733                       178.52729
                   11.98                      0.19416519                       177.96868
                  11.983                       0.1925742                       177.40811
                  11.986                      0.19099431                       176.84555
                  11.989                      0.18942546                       176.28097
                  11.992                      0.18786762                       175.71435
                  11.995                      0.18632074                       175.14564
                  11.998                      0.18478478                       174.57482
                  12.001                      0.18325969                       174.00185
                  12.004                      0.18174543                       173.42671
                  12.007                      0.18024198                       172.84936
                   12.01                      0.17874928                       172.26977
                  12.013                       0.1772673                       171.68791
                  12.016                      0.17579601                       171.10374
                  12.019                      0.17433537                       170.51722
                  12.022                      0.17288535                       169.92833
                  12.025                      0.17144591                       169.33703
                  12.028                      0.17001703                       168.74329
                  12.031                      0.16859868                       168.14706
                  12.034                      0.16719083                       167.54832
                  12.037                      0.16579345                       166.94702
                   12.04                      0.16440651                       166.34314
                  12.043                      0.16302999                       165.73663
                  12.046                      0.16166387                       165.12746
                  12.049                      0.16030812                       164.51558
                  12.052                      0.15896272                       163.90097
                  12.055                      0.15762765                       163.28359
                  12.058                       0.1563029                       162.66339
                  12.061                      0.15498843                       162.04034
                  12.064                      0.15368425                       161.41439
                  12.067                      0.15239032                       160.78552
                   12.07                      0.15110664                       160.15368
                  12.073                      0.14983319                       159.51883
                  12.076                      0.14856996                       158.88093
                  12.079                      0.14731694                       158.23994
                  12.082                      0.14607411                       157.59582
                  12.085                      0.14484147                       156.94853
                  12.088                      0.14361901                       156.29804
                  12.091                      0.14240672                       155.64429
                  12.094                      0.14120459                       154.98725
                  12.097                      0.14001262                       154.32688
                    12.1                      0.13883081                       153.66313
                  12.103                      0.13765914                       152.99597
                  12.106                      0.13649763                       152.32536
                  12.109                      0.13534626                       151.65125
                  12.112                      0.13420505                        150.9736
                  12.115                      0.13307398                       150.29238
                  12.118                      0.13195306                       149.60754
                  12.121                      0.13084229                       148.91903
                  12.124                      0.12974168                       148.22683
                  12.127                      0.12865123                       147.53089
                   12.13                      0.12757095                       146.83117
                  12.133                      0.12650084                       146.12763
                  12.136                      0.12544091                       145.42023
                  12.139                      0.12439117                       144.70893
                  12.142                      0.12335163                        143.9937
                  12.145                       0.1223223                       143.27449
                  12.148                      0.12130319                       142.55127
                  12.151                      0.12029431                       141.82401
                  12.154                      0.11929567                       141.09266
                  12.157                      0.11830729                       140.35719
                   12.16                      0.11732918                       139.61756
                  12.163                      0.11636136                       138.87375
                  12.166                      0.11540384                       138.12572
                  12.169                      0.11445663                       137.37343
                  12.172                      0.11351976                       136.61687
                  12.175                      0.11259325                       135.85598
                  12.178                       0.1116771                       135.09076
                  12.181                      0.11077134                       134.32117
                  12.184                        0.109876                       133.54719
                  12.187                      0.10899107                       132.76878
                   12.19                       0.1081166                       131.98594
                  12.193                       0.1072526                       131.19863
                  12.196                      0.10639908                       130.40684
                  12.199                      0.10555608                       129.61056
                  12.202                      0.10472361                       128.80975
                  12.205                      0.10390169                       128.00442
                  12.208                      0.10309035                       127.19455
                  12.211                      0.10228961                       126.38013
                  12.214                      0.10149948                       125.56115
                  12.217                         0.10072                       124.73761
                   12.22                     0.099951184                       123.90951
                  12.223                     0.099193051                       123.07684
                  12.226                     0.098445625                       122.23961
                  12.229                     0.097708928                       121.39783
                  12.232                      0.09698298                        120.5515
                  12.235                     0.096267802                       119.70064
                  12.238                     0.095563414                       118.84525
                  12.241                     0.094869836                       117.98537
                  12.244                     0.094187087                         117.121
                  12.247                     0.093515185                       116.25217
                   12.25                     0.092854147                       115.37892
                  12.253                     0.092203991                       114.50127
                  12.256                     0.091564732                       113.61925
                  12.259                     0.090936384                       112.73291
                  12.262                      0.09031896                       111.84228
                  12.265                     0.089712475                       110.94742
                  12.268                     0.089116937                       110.04838
                  12.271                     0.088532357                        109.1452
                  12.274                     0.087958743                       108.23794
                  12.277                     0.087396102                       107.32667
                   12.28                     0.086844438                       106.41146
                  12.283                     0.086303755                       105.49236
                  12.286                     0.085774054                       104.56946
                  12.289                     0.085255334                       103.64284
                  12.292                     0.084747592                       102.71257
                  12.295                     0.084250825                       101.77874
                  12.298                     0.083765025                       100.84145
                  12.301                     0.083290182                       99.900782
                  12.304                     0.082826286                        98.95684
                  12.307                     0.082373322                       98.009725
                   12.31                     0.081931274                       97.059543
                  12.313                     0.081500123                       96.106404
                  12.316                     0.081079847                       95.150421
                  12.319                     0.080670422                       94.191713
                  12.322                      0.08027182                         93.2304
                  12.325                     0.079884011                       92.266606
                  12.328                     0.079506963                       91.300459
                  12.331                     0.079140639                       90.332089
                  12.334                     0.078785001                        89.36163
                  12.337                     0.078440006                        88.38922
                   12.34                      0.07810561                       87.414997
                  12.343                     0.077781764                       86.439103
                  12.346                     0.077468417                       85.461683
                  12.349                     0.077165515                       84.482884
                  12.352                        0.076873                       83.502852
                  12.355                     0.076590811                        82.52174
                  12.358                     0.076318884                       81.539699
                  12.361                     0.076057153                       80.556881
                  12.364                     0.075805546                       79.573441
                  12.367                     0.075563991                       78.589534
                   12.37                     0.075332411                       77.605317
                  12.373                     0.075110727                       76.620945
                  12.376                     0.074898855                       75.636574
                  12.379                     0.074696711                       74.652362
                  12.382                     0.074504205                       73.668464
                  12.385                     0.074321247                       72.685036
                  12.388                     0.074147741                       71.702234
                  12.391                     0.073983592                        70.72021
                  12.394                     0.073828698                       69.739119
                  12.397                     0.073682958                       68.759111
                    12.4                     0.073546268                       67.780336
                  12.403                     0.073418518                       66.802943
                  12.406                     0.073299601                       65.827077
                  12.409                     0.073189404                       64.852882
                  12.412                     0.073087812                         63.8805
                  12.415                      0.07299471                        62.91007
                  12.418                      0.07290998                       61.941727
                  12.421                     0.072833501                       60.975604
                  12.424                     0.072765152                       60.011832
                  12.427                     0.072704809                       59.050538
                   12.43                     0.072652348                       58.091845
                  12.433                     0.072607642                       57.135874
                  12.436                     0.072570565                        56.18274
                  12.439                     0.072540986                       55.232557
                  12.442                     0.072518777                       54.285434
                  12.445                     0.072503807                       53.341476
                  12.448                     0.072495944                       52.400784
                  12.451                     0.072495056                       51.463456
                  12.454                      0.07250101                       50.529586
                  12.457                     0.072513673                       49.599262
                   12.46                     0.072532911                       48.672571
                  12.463                     0.072558591                       47.749592
                  12.466                     0.072590578                       46.830405
                  12.469                     0.072628739                        45.91508
                  12.472                     0.072672938                       45.003689
                  12.475                     0.072723043                       44.096294
                  12.478                      0.07277892                       43.192959
                  12.481                     0.072840435                       42.293739
                  12.484                     0.072907455                       41.398687
                  12.487                     0.072979848                       40.507854
                   12.49                     0.073057483                       39.621283
                  12.493                     0.073140228                       38.739017
                  12.496                     0.073227953                       37.861093
                  12.499                     0.073320529                       36.987546
                  12.502                     0.073417826                       36.118407
                  12.505                     0.073519718                       35.253702
                  12.508                     0.073626078                       34.393455
                  12.511                     0.073736781                       33.537687
                  12.514                     0.073851702                       32.686415
                  12.517                     0.073970717                       31.839654
                   12.52                     0.074093706                       30.997414
                  12.523                     0.074220548                       30.159703
                  12.526                     0.074351123                       29.326528
                  12.529                     0.074485315                        28.49789
                  12.532                     0.074623005                        27.67379
                  12.535                      0.07476408                       26.854225
                  12.538                     0.074908426                        26.03919
                  12.541                     0.075055932                       25.228678
                  12.544                     0.075206486                       24.422679
                  12.547                     0.075359979                       23.621182
                   12.55                     0.075516306                       22.824172
                  12.553                     0.075675359                       22.031634
                  12.556                     0.075837035                        21.24355
                  12.559                     0.076001232                       20.459901
                  12.562                     0.076167847                       19.680665
                  12.565                     0.076336784                       18.905821
                  12.568                     0.076507943                       18.135344
                  12.571                     0.076681228                       17.369207
                  12.574                     0.076856546                       16.607385
                  12.577                     0.077033804                       15.849849
                   12.58                      0.07721291                        15.09657
                  12.583                     0.077393776                       14.347516
                  12.586                     0.077576313                       13.602657
                  12.589                     0.077760435                        12.86196
                  12.592                     0.077946058                       12.125391
                  12.595                     0.078133099                       11.392916
                  12.598                     0.078321476                         10.6645
                  12.601                      0.07851111                       9.9401074
                  12.604                     0.078701921                       9.2197017
                  12.607                     0.078893835                       8.5032458
                   12.61                     0.079086774                       7.7907022
                  12.613                     0.079280666                       7.0820329
                  12.616                     0.079475439                       6.3771994
                  12.619                     0.079671021                        5.676163
                  12.622                     0.079867344                       4.9788845
                  12.625                      0.08006434                       4.2853244
                  12.628                     0.080261943                       3.5954429
                  12.631                     0.080460086                       2.9092003
                  12.634                     0.080658708                       2.2265564
                  12.637                     0.080857746                       1.5474709
                   12.64                     0.081057139                      0.87190368
                  12.643                     0.081256828                      0.19981424
                  12.646                     0.081456754                       359.53116
                  12.649                      0.08165686                       358.86591
                  12.652                     0.081857092                       358.20401
                  12.655                     0.082057394                       357.54543
                  12.658                     0.082257714                       356.89012
                  12.661                     0.082457999                       356.23805
                  12.664                     0.082658199                       355.58918
                  12.667                     0.082858265                       354.94346
                   12.67                     0.083058148                       354.30085
                  12.673                       0.0832578                       353.66133
                  12.676                     0.083457176                       353.02484
                  12.679                     0.083656231                       352.39135
                  12.682                     0.083854921                       351.76082
                  12.685                     0.084053202                        351.1332
                  12.688                     0.084251032                       350.50847
                  12.691                     0.084448372                       349.88659
                  12.694                      0.08464518                       349.26751
                  12.697                     0.084841419                        348.6512
                    12.7                      0.08503705                       348.03762
                  12.703                     0.085232035                       347.42673
                  12.706                      0.08542634                        346.8185
                  12.709                     0.085619928                       346.21289
                  12.712                     0.085812765                       345.60986
                  12.715                     0.086004818                       345.00939
                  12.718                     0.086196055                       344.41143
                  12.721                     0.086386442                       343.81594
                  12.724                      0.08657595                       343.22291
                  12.727                     0.086764549                       342.63228
                   12.73                     0.086952207                       342.04402
                  12.733                     0.087138898                       341.45811
                  12.736                     0.087324593                        340.8745
                  12.739                     0.087509265                       340.29317
                  12.742                     0.087692888                       339.71409
                  12.745                     0.087875435                       339.13721
                  12.748                     0.088056881                       338.56252
                  12.751                     0.088237203                       337.98997
                  12.754                     0.088416376                       337.41953
                  12.757                     0.088594377                       336.85118
                   12.76                     0.088771185                       336.28489
                  12.763                     0.088946776                       335.72062
                  12.766                     0.089121129                       335.15834
                  12.769                     0.089294225                       334.59803
                  12.772                     0.089466042                       334.03966
                  12.775                     0.089636562                       333.48319
                  12.778                     0.089805764                        332.9286
                  12.781                     0.089973632                       332.37586
                  12.784                     0.090140147                       331.82495
                  12.787                     0.090305291                       331.27583
                   12.79                     0.090469048                       330.72848
                  12.793                       0.0906314                       330.18287
                  12.796                     0.090792334                       329.63898
                  12.799                     0.090951831                       329.09678
                  12.802                     0.091109879                       328.55624
                  12.805                     0.091266462                       328.01734
                  12.808                     0.091421566                       327.48005
                  12.811                     0.091575178                       326.94435
                  12.814                     0.091727284                       326.41022
                  12.817                     0.091877872                       325.87762
                   12.82                     0.092026929                       325.34654
                  12.823                     0.092174442                       324.81695
                  12.826                     0.092320401                       324.28883
                  12.829                     0.092464795                       323.76216
                  12.832                     0.092607612                       323.23691
                  12.835                     0.092748841                       322.71306
                  12.838                     0.092888473                       322.19059
                  12.841                     0.093026498                       321.66947
                  12.844                     0.093162907                       321.14969
                  12.847                     0.093297689                       320.63122
                   12.85                     0.093430838                       320.11405
                  12.853                     0.093562343                       319.59815
                  12.856                     0.093692197                       319.08349
                  12.859                     0.093820392                       318.57007
                  12.862                      0.09394692                       318.05786
                  12.865                     0.094071774                       317.54684
                  12.868                     0.094194948                       317.03699
                  12.871                     0.094316433                       316.52829
                  12.874                     0.094436225                       316.02073
                  12.877                     0.094554317                       315.51427
                   12.88                     0.094670702                       315.00892
                  12.883                     0.094785376                       314.50463
                  12.886                     0.094898332                       314.00141
                  12.889                     0.095009566                       313.49923
                  12.892                     0.095119073                       312.99807
                  12.895                     0.095226848                       312.49791
                  12.898                     0.095332886                       311.99874
                  12.901                     0.095437184                       311.50054
                  12.904                     0.095539738                       311.00329
                  12.907                     0.095640543                       310.50698
                   12.91                     0.095739596                       310.01159
                  12.913                     0.095836893                        309.5171
                  12.916                     0.095932433                        309.0235
                  12.919                      0.09602621                       308.53077
                  12.922                     0.096118224                       308.03889
                  12.925                     0.096208471                       307.54785
                  12.928                     0.096296949                       307.05764
                  12.931                     0.096383655                       306.56823
                  12.934                     0.096468588                       306.07962
                  12.937                     0.096551746                       305.59178
                   12.94                     0.096633127                       305.10471
                  12.943                     0.096712729                       304.61839
                  12.946                     0.096790552                       304.13279
                  12.949                     0.096866594                       303.64792
                  12.952                     0.096940853                       303.16375
                  12.955                      0.09701333                       302.68027
                  12.958                     0.097084024                       302.19747
                  12.961                     0.097152933                       301.71533
                  12.964                     0.097220058                       301.23384
                  12.967                     0.097285399                       300.75298
                   12.97                     0.097348954                       300.27275
                  12.973                     0.097410725                       299.79312
                  12.976                      0.09747071                       299.31409
                  12.979                     0.097528912                       298.83564
                  12.982                     0.097585329                       298.35776
                  12.985                     0.097639963                       297.88044
                  12.988                     0.097692814                       297.40366
                  12.991                     0.097743883                       296.92741
                  12.994                     0.097793172                       296.45167
                  12.997                      0.09784068                       295.97645
                      13                     0.097886409                       295.50171
                  13.003                     0.097930361                       295.02746
                  13.006                     0.097972536                       294.55367
                  13.009                     0.098012937                       294.08035
                  13.012                     0.098051564                       293.60747
                  13.015                      0.09808842                       293.13502
                  13.018                     0.098123507                       292.66299
                  13.021                     0.098156826                       292.19137
                  13.024                      0.09818838                       291.72015
                  13.027                      0.09821817                       291.24932
                   13.03                     0.098246199                       290.77886
                  13.033                     0.098272468                       290.30876
                  13.036                     0.098296982                       289.83902
                  13.039                     0.098319741                       289.36962
                  13.042                      0.09834075                       288.90055
                  13.045                     0.098360009                        288.4318
                  13.048                     0.098377523                       287.96336
                  13.051                     0.098393294                       287.49522
                  13.054                     0.098407325                       287.02736
                  13.057                      0.09841962                       286.55978
                   13.06                      0.09843018                       286.09246
                  13.063                      0.09843901                        285.6254
                  13.066                     0.098446113                       285.15859
                  13.069                     0.098451493                         284.692
                  13.072                     0.098455152                       284.22565
                  13.075                     0.098457095                        283.7595
                  13.078                     0.098457324                       283.29356
                  13.081                     0.098455845                        282.8278
                  13.084                      0.09845266                       282.36224
                  13.087                     0.098447774                       281.89684
                   13.09                      0.09844119                        281.4316
                  13.093                     0.098432913                       280.96652
                  13.096                     0.098422946                       280.50158
                  13.099                     0.098411294                       280.03677
                  13.102                     0.098397962                       279.57208
                  13.105                     0.098382953                       279.10751
                  13.108                     0.098366272                       278.64303
                  13.111                     0.098347923                       278.17865
                  13.114                     0.098327912                       277.71435
                  13.117                     0.098306242                       277.25013
                   13.12                     0.098282918                       276.78597
                  13.123                     0.098257946                       276.32186
                  13.126                      0.09823133                       275.85779
                  13.129                     0.098203075                       275.39376
                  13.132                     0.098173186                       274.92975
                  13.135                     0.098141667                       274.46576
                  13.138                     0.098108526                       274.00177
                  13.141                     0.098073765                       273.53778
                  13.144                     0.098037391                       273.07377
                  13.147                      0.09799941                       272.60974
                   13.15                     0.097959825                       272.14568
                  13.153                     0.097918644                       271.68157
                  13.156                     0.097875871                       271.21742
                  13.159                     0.097831513                        270.7532
                  13.162                     0.097785574                       270.28891
                  13.165                     0.097738061                       269.82454
                  13.168                      0.09768898                       269.36008
                  13.171                     0.097638336                       268.89553
                  13.174                     0.097586135                       268.43086
                  13.177                     0.097532383                       267.96608
                   13.18                     0.097477087                       267.50117
                  13.183                     0.097420253                       267.03612
                  13.186                     0.097361887                       266.57093
                  13.189                     0.097301995                       266.10558
                  13.192                     0.097240583                       265.64007
                  13.195                     0.097177659                       265.17439
                  13.198                     0.097113228                       264.70852
                  13.201                     0.097047298                       264.24246
                  13.204                     0.096979874                       263.77619
                  13.207                     0.096910964                       263.30972
                   13.21                     0.096840575                       262.84302
                  13.213                     0.096768713                        262.3761
                  13.216                     0.096695385                       261.90893
                  13.219                     0.096620599                       261.44151
                  13.222                      0.09654436                       260.97384
                  13.225                     0.096466678                        260.5059
                  13.228                     0.096387558                       260.03768
                  13.231                     0.096307009                       259.56918
                  13.234                     0.096225037                       259.10038
                  13.237                      0.09614165                       258.63127
                   13.24                     0.096056856                       258.16185
                  13.243                     0.095970662                        257.6921
                  13.246                     0.095883076                       257.22202
                  13.249                     0.095794106                       256.75159
                  13.252                     0.095703759                       256.28082
                  13.255                     0.095612044                       255.80967
                  13.258                     0.095518968                       255.33816
                  13.261                      0.09542454                       254.86626
                  13.264                     0.095328767                       254.39397
                  13.267                     0.095231659                       253.92128
                   13.27                     0.095133223                       253.44818
                  13.273                     0.095033468                       252.97466
                  13.276                     0.094932403                        252.5007
                  13.279                     0.094830035                       252.02631
                  13.282                     0.094726374                       251.55146
                  13.285                     0.094621428                       251.07615
                  13.288                     0.094515207                       250.60038
                  13.291                     0.094407719                       250.12412
                  13.294                     0.094298973                       249.64737
                  13.297                     0.094188978                       249.17012
                    13.3                     0.094077744                       248.69236
                  13.303                      0.09396528                       248.21408
                  13.306                     0.093851595                       247.73527
                  13.309                       0.0937367                       247.25592
                  13.312                     0.093620602                       246.77601
                  13.315                     0.093503313                       246.29555
                  13.318                     0.093384841                       245.81451
                  13.321                     0.093265198                       245.33289
                  13.324                     0.093144392                       244.85068
                  13.327                     0.093022434                       244.36787
                   13.33                     0.092899334                       243.88444
                  13.333                     0.092775102                       243.40039
                  13.336                     0.092649749                        242.9157
                  13.339                     0.092523286                       242.43037
                  13.342                     0.092395722                       241.94439
                  13.345                     0.092267069                       241.45773
                  13.348                     0.092137338                        240.9704
                  13.351                     0.092006539                       240.48239
                  13.354                     0.091874683                       239.99367
                  13.357                     0.091741782                       239.50424
                   13.36                     0.091607847                        239.0141
                  13.363                      0.09147289                       238.52322
                  13.366                     0.091336921                        238.0316
                  13.369                     0.091199953                       237.53922
                  13.372                     0.091061997                       237.04608
                  13.375                     0.090923065                       236.55217
                  13.378                      0.09078317                       236.05747
                  13.381                     0.090642323                       235.56196
                  13.384                     0.090500536                       235.06565
                  13.387                     0.090357823                       234.56852
                   13.39                     0.090214195                       234.07056
                  13.393                     0.090069666                       233.57175
                  13.396                     0.089924247                       233.07208
                  13.399                     0.089777953                       232.57155
                  13.402                     0.089630796                       232.07014
                  13.405                     0.089482789                       231.56783
                  13.408                     0.089333945                       231.06463
                  13.411                     0.089184279                       230.56051
                  13.414                     0.089033804                       230.05546
                  13.417                     0.088882533                       229.54947
                   13.42                      0.08873048                       229.04254
                  13.423                     0.088577661                       228.53464
                  13.426                     0.088424088                       228.02577
                  13.429                     0.088269776                       227.51591
                  13.432                      0.08811474                       227.00505
                  13.435                     0.087958995                       226.49318
                  13.438                     0.087802555                       225.98029
                  13.441                     0.087645435                       225.46636
                  13.444                     0.087487651                       224.95138
                  13.447                     0.087329218                       224.43534
                   13.45                     0.087170151                       223.91823
                  13.453                     0.087010466                       223.40003
                  13.456                      0.08685018                       222.88073
                  13.459                     0.086689307                       222.36033
                  13.462                     0.086527865                       221.83879
                  13.465                     0.086365869                       221.31613
                  13.468                     0.086203337                       220.79231
                  13.471                     0.086040284                       220.26733
                  13.474                     0.085876729                       219.74117
                  13.477                     0.085712687                       219.21383
                   13.48                     0.085548176                       218.68529
                  13.483                     0.085383215                       218.15553
                  13.486                      0.08521782                       217.62454
                  13.489                     0.085052009                       217.09232
                  13.492                       0.0848858                       216.55884
                  13.495                     0.084719212                       216.02409
                  13.498                     0.084552263                       215.48807
                  13.501                     0.084384972                       214.95075
                  13.504                     0.084217358                       214.41213
                  13.507                     0.084049439                       213.87219
                   13.51                     0.083881235                       213.33091
                  13.513                     0.083712766                       212.78829
                  13.516                     0.083544051                       212.24432
                  13.519                      0.08337511                       211.69897
                  13.522                     0.083205963                       211.15223
                  13.525                      0.08303663                        210.6041
                  13.528                     0.082867133                       210.05455
                  13.531                     0.082697491                       209.50358
                  13.534                     0.082527726                       208.95117
                  13.537                     0.082357859                       208.39731
                   13.54                     0.082187912                       207.84199
                  13.543                     0.082017906                       207.28519
                  13.546                     0.081847863                       206.72689
                  13.549                     0.081677805                        206.1671
                  13.552                     0.081507755                       205.60578
                  13.555                     0.081337734                       205.04294
                  13.558                     0.081167767                       204.47855
                  13.561                     0.080997876                       203.91261
                  13.564                     0.080828084                       203.34509
                  13.567                     0.080658415                         202.776
                   13.57                     0.080488893                       202.20531
                  13.573                     0.080319541                       201.63301
                  13.576                     0.080150384                       201.05909
                  13.579                     0.079981447                       200.48355
                  13.582                     0.079812754                       199.90635
                  13.585                      0.07964433                        199.3275
                  13.588                     0.079476201                       198.74698
                  13.591                     0.079308392                       198.16478
                  13.594                     0.079140928                       197.58088
                  13.597                     0.078973836                       196.99528
                    13.6                     0.078807142                       196.40796
                  13.603                     0.078640872                       195.81891
                  13.606                     0.078475054                       195.22812
                  13.609                     0.078309714                       194.63559
                  13.612                     0.078144879                       194.04128
                  13.615                     0.077980578                       193.44521
                  13.618                     0.077816836                       192.84735
                  13.621                     0.077653684                       192.24769
                  13.624                     0.077491148                       191.64623
                  13.627                     0.077329258                       191.04296
                   13.63                     0.077168042                       190.43786
                  13.633                     0.077007529                       189.83093
                  13.636                     0.076847749                       189.22215
                  13.639                      0.07668873                       188.61151
                  13.642                     0.076530503                       187.99902
                  13.645                     0.076373097                       187.38465
                  13.648                     0.076216543                       186.76841
                  13.651                     0.076060871                       186.15028
                  13.654                     0.075906112                       185.53025
                  13.657                     0.075752297                       184.90832
                   13.66                     0.075599457                       184.28448
                  13.663                     0.075447623                       183.65873
                  13.666                     0.075296827                       183.03105
                  13.669                     0.075147101                       182.40145
                  13.672                     0.074998476                       181.76991
                  13.675                     0.074850985                       181.13643
                  13.678                     0.074704661                       180.50101
                  13.681                     0.074559536                       179.86364
                  13.684                     0.074415643                       179.22432
                  13.687                     0.074273015                       178.58304
                   13.69                     0.074131686                       177.93981
                  13.693                     0.073991688                       177.29461
                  13.696                     0.073853056                       176.64745
                  13.699                     0.073715823                       175.99833
                  13.702                     0.073580023                       175.34724
                  13.705                     0.073445692                       174.69418
                  13.708                     0.073312861                       174.03916
                  13.711                     0.073181568                       173.38217
                  13.714                     0.073051845                       172.72323
                  13.717                     0.072923728                       172.06231
                   13.72                     0.072797251                       171.39944
                  13.723                      0.07267245                       170.73461
                  13.726                      0.07254936                       170.06783
                  13.729                     0.072428016                        169.3991
                  13.732                     0.072308454                       168.72843
                  13.735                     0.072190708                       168.05582
                  13.738                     0.072074815                       167.38128
                  13.741                      0.07196081                       166.70481
                  13.744                     0.071848728                       166.02643
                  13.747                     0.071738605                       165.34613
                   13.75                     0.071630478                       164.66394
                  13.753                     0.071524382                       163.97986
                  13.756                     0.071420352                        163.2939
                  13.759                     0.071318424                       162.60607
                  13.762                     0.071218635                       161.91639
                  13.765                      0.07112102                       161.22487
                  13.768                     0.071025615                       160.53151
                  13.771                     0.070932455                       159.83635
                  13.774                     0.070841576                       159.13938
                  13.777                     0.070753014                       158.44063
                   13.78                     0.070666805                       157.74012
                  13.783                     0.070582983                       157.03786
                  13.786                     0.070501584                       156.33387
                  13.789                     0.070422643                       155.62817
                  13.792                     0.070346196                       154.92078
                  13.795                     0.070272276                       154.21172
                  13.798                      0.07020092                       153.50102
                  13.801                     0.070132161                       152.78869
                  13.804                     0.070066033                       152.07476
                  13.807                     0.070002572                       151.35926
                   13.81                     0.069941811                       150.64221
                  13.813                     0.069883783                       149.92363
                  13.816                     0.069828523                       149.20356
                  13.819                     0.069776062                       148.48202
                  13.822                     0.069726435                       147.75905
                  13.825                     0.069679673                       147.03466
                  13.828                      0.06963581                       146.30889
                  13.831                     0.069594876                       145.58177
                  13.834                     0.069556904                       144.85334
                  13.837                     0.069521924                       144.12362
                   13.84                     0.069489968                       143.39266
                  13.843                     0.069461066                       142.66048
                  13.846                     0.069435249                       141.92712
                  13.849                     0.069412544                       141.19261
                  13.852                     0.069392983                         140.457
                  13.855                     0.069376593                       139.72032
                  13.858                     0.069363403                        138.9826
                  13.861                      0.06935344                       138.24389
                  13.864                     0.069346732                       137.50423
                  13.867                     0.069343305                       136.76366
                   13.87                     0.069343186                       136.02221
                  13.873                     0.069346401                       135.27993
                  13.876                     0.069352974                       134.53687
                  13.879                     0.069362929                       133.79305
                  13.882                     0.069376292                       133.04853
                  13.885                     0.069393085                       132.30336
                  13.888                     0.069413331                       131.55756
                  13.891                     0.069437052                        130.8112
                  13.894                      0.06946427                       130.06431
                  13.897                     0.069495005                       129.31694
                    13.9                     0.069529277                       128.56913
                  13.903                     0.069567107                       127.82093
                  13.906                     0.069608513                        127.0724
                  13.909                     0.069653513                       126.32356
                  13.912                     0.069702124                       125.57448
                  13.915                     0.069754364                        124.8252
                  13.918                     0.069810249                       124.07576
                  13.921                     0.069869793                       123.32622
                  13.924                     0.069933012                       122.57662
                  13.927                     0.069999919                         121.827
                   13.93                     0.070070528                       121.07743
                  13.933                     0.070144851                       120.32794
                  13.936                       0.0702229                       119.57859
                  13.939                     0.070304685                       118.82941
                  13.942                     0.070390218                       118.08047
                  13.945                     0.070479507                        117.3318
                  13.948                     0.070572561                       116.58346
                  13.951                     0.070669388                       115.83549
                  13.954                     0.070769995                       115.08795
                  13.957                     0.070874389                       114.34086
                   13.96                     0.070982576                        113.5943
                  13.963                      0.07109456                       112.84829
                  13.966                     0.071210346                       112.10289
                  13.969                     0.071329937                       111.35815
                  13.972                     0.071453336                        110.6141
                  13.975                     0.071580544                        109.8708
                  13.978                     0.071711564                       109.12828
                  13.981                     0.071846396                        108.3866
                  13.984                     0.071985038                        107.6458
                  13.987                     0.072127492                       106.90591
                   13.99                     0.072273754                       106.16699
                  13.993                     0.072423822                       105.42908
                  13.996                     0.072577694                       104.69221
                  13.999                     0.072735366                       103.95643
                  14.002                     0.072896832                       103.22178
                  14.005                     0.073062089                       102.48829
                  14.008                     0.073231131                       101.75602
                  14.011                      0.07340395                       101.02499
                  14.014                      0.07358054                       100.29524
                  14.017                     0.073760893                        99.56682
                   14.02                     0.073945001                       98.839754
                  14.023                     0.074132855                        98.11408
                  14.026                     0.074324445                       97.389834
                  14.029                     0.074519761                       96.667051
                  14.032                     0.074718792                       95.945762
                  14.035                     0.074921528                       95.226001
                  14.038                     0.075127955                         94.5078
                  14.041                     0.075338062                       93.791188
                  14.044                     0.075551836                       93.076197
                  14.047                     0.075769263                       92.362856
                   14.05                      0.07599033                       91.651192
                  14.053                     0.076215021                       90.941234
                  14.056                     0.076443322                       90.233008
                  14.059                     0.076675217                       89.526539
                  14.062                      0.07691069                       88.821854
                  14.065                     0.077149726                       88.118977
                  14.068                     0.077392306                       87.417929
                  14.071                     0.077638415                       86.718735
                  14.074                     0.077888034                       86.021415
                  14.077                     0.078141145                       85.325991
                   14.08                     0.078397731                       84.632483
                  14.083                     0.078657771                       83.940909
                  14.086                     0.078921248                       83.251288
                  14.089                     0.079188142                       82.563637
                  14.092                     0.079458432                       81.877974
                  14.095                     0.079732099                       81.194313
                  14.098                     0.080009123                        80.51267
                  14.101                     0.080289482                       79.833059
                  14.104                     0.080573156                       79.155495
                  14.107                     0.080860123                       78.479988
                   14.11                     0.081150363                       77.806552
                  14.113                     0.081443852                       77.135197
                  14.116                      0.08174057                       76.465934
                  14.119                     0.082040495                       75.798772
                  14.122                     0.082343603                       75.133721
                  14.125                     0.082649872                       74.470789
                  14.128                     0.082959279                       73.809982
                  14.131                     0.083271803                       73.151309
                  14.134                     0.083587418                       72.494775
                  14.137                     0.083906103                       71.840386
                   14.14                     0.084227833                       71.188146
                  14.143                     0.084552586                        70.53806
                  14.146                     0.084880337                       69.890131
                  14.149                     0.085211063                       69.244362
                  14.152                     0.085544741                       68.600756
                  14.155                     0.085881345                       67.959314
                  14.158                     0.086220852                       67.320037
                  14.161                     0.086563238                       66.682927
                  14.164                     0.086908478                       66.047983
                  14.167                     0.087256549                       65.415205
                   14.17                     0.087607427                       64.784591
                  14.173                     0.087961086                       64.156141
                  14.176                     0.088317502                       63.529852
                  14.179                     0.088676651                       62.905722
                  14.182                     0.089038509                       62.283748
                  14.185                     0.089403051                       61.663927
                  14.188                     0.089770252                       61.046255
                  14.191                     0.090140089                       60.430727
                  14.194                     0.090512536                       59.817339
                  14.197                     0.090887569                       59.206086
                    14.2                     0.091265164                       58.596963
                  14.203                     0.091645297                       57.989963
                  14.206                     0.092027942                       57.385081
                  14.209                     0.092413076                        56.78231
                  14.212                     0.092800674                       56.181644
                  14.215                     0.093190713                       55.583074
                  14.218                     0.093583166                       54.986595
                  14.221                     0.093978011                       54.392197
                  14.224                     0.094375224                       53.799873
                  14.227                     0.094774779                       53.209615
                   14.23                     0.095176654                       52.621414
                  14.233                     0.095580824                       52.035261
                  14.236                     0.095987265                       51.451148
                  14.239                     0.096395953                       50.869064
                  14.242                     0.096806865                       50.289001
                  14.245                     0.097219977                       49.710948
                  14.248                     0.097635265                       49.134896
                  14.251                     0.098052706                       48.560834
                  14.254                     0.098472276                       47.988753
                  14.257                     0.098893952                       47.418641
                   14.26                     0.099317711                       46.850489
                  14.263                     0.099743529                       46.284285
                  14.266                      0.10017138                       45.720018
                  14.269                      0.10060125                       45.157678
                  14.272                      0.10103311                       44.597252
                  14.275                      0.10146693                       44.038731
                  14.278                       0.1019027                       43.482102
                  14.281                       0.1023404                       42.927354
                  14.284                      0.10277999                       42.374475
                  14.287                      0.10322146                       41.823454
                   14.29                      0.10366478                       41.274278
                  14.293                      0.10410993                       40.726936
                  14.296                       0.1045569                       40.181416
                  14.299                      0.10500566                       39.637706
                  14.302                      0.10545618                       39.095794
                  14.305                      0.10590844                       38.555667
                  14.308                      0.10636243                       38.017314
                  14.311                      0.10681812                       37.480721
                  14.314                      0.10727549                       36.945878
                  14.317                      0.10773451                       36.412772
                   14.32                      0.10819518                        35.88139
                  14.323                      0.10865746                        35.35172
                  14.326                      0.10912133                        34.82375
                  14.329                      0.10958678                       34.297467
                  14.332                      0.11005378                        33.77286
                  14.335                      0.11052231                       33.249915
                  14.338                      0.11099235                        32.72862
                  14.341                      0.11146389                       32.208964
                  14.344                      0.11193689                       31.690933
                  14.347                      0.11241134                       31.174516
                   14.35                      0.11288722                         30.6597
                  14.353                      0.11336451                       30.146472
                  14.356                      0.11384319                       29.634822
                  14.359                      0.11432324                       29.124735
                  14.362                      0.11480464                       28.616201
                  14.365                      0.11528737                       28.109207
                  14.368                       0.1157714                       27.603741
                  14.371                      0.11625673                        27.09979
                  14.374                      0.11674332                       26.597344
                  14.377                      0.11723117                       26.096389
                   14.38                      0.11772025                       25.596914
                  14.383                      0.11821054                       25.098907
                  14.386                      0.11870202                       24.602357
                  14.389                      0.11919468                        24.10725
                  14.392                      0.11968849                       23.613576
                  14.395                      0.12018344                       23.121323
                  14.398                       0.1206795                        22.63048
                  14.401                      0.12117667                       22.141034
                  14.404                      0.12167491                       21.652975
                  14.407                      0.12217421                        21.16629
                   14.41                      0.12267456                       20.680969
                  14.413                      0.12317593                       20.196999
                  14.416                      0.12367831                       19.714371
                  14.419                      0.12418167                       19.233073
                  14.422                      0.12468601                       18.753093
                  14.425                      0.12519129                       18.274421
                  14.428                      0.12569751                       17.797045
                  14.431                      0.12620465                       17.320956
                  14.434                      0.12671268                       16.846141
                  14.437                      0.12722159                       16.372591
                   14.44                      0.12773137                       15.900294
                  14.443                      0.12824198                        15.42924
                  14.446                      0.12875343                       14.959419
                  14.449                      0.12926568                       14.490819
                  14.452                      0.12977873                       14.023432
                  14.455                      0.13029255                       13.557246
                  14.458                      0.13080713                       13.092251
                  14.461                      0.13132244                       12.628437
                  14.464                      0.13183848                       12.165795
                  14.467                      0.13235523                       11.704313
                   14.47                      0.13287266                       11.243983
                  14.473                      0.13339077                       10.784794
                  14.476                      0.13390952                       10.326737
                  14.479                      0.13442892                       9.8698027
                  14.482                      0.13494894                       9.4139804
                  14.485                      0.13546956                       8.9592613
                  14.488                      0.13599076                       8.5056358
                  14.491                      0.13651254                       8.0530948
                  14.494                      0.13703487                       7.6016289
                  14.497                      0.13755774                        7.151229
                    14.5                      0.13808112                        6.701886

