                        S2(2),1(1)/abs,linear                S2(2),1(1)/arg,degrees
----------------------------------------------------------------------------------------------------------------
                    11.5                      0.64492025                       197.22892
                  11.503                      0.65700553                       196.03237
                  11.506                      0.66839112                       194.85561
                  11.509                      0.67912885                       193.69927
                  11.512                      0.68926684                        192.5636
                  11.515                       0.6988496                       191.44858
                  11.518                      0.70791822                       190.35397
                  11.521                      0.71651053                       189.27941
                  11.524                      0.72466131                       188.22441
                  11.527                      0.73240254                       187.18842
                   11.53                      0.73976358                       186.17084
                  11.533                      0.74677135                       185.17104
                  11.536                      0.75345059                       184.18837
                  11.539                      0.75982399                       183.22219
                  11.542                      0.76591238                       182.27184
                  11.545                       0.7717349                       181.33672
                  11.548                      0.77730912                       180.41618
                  11.551                      0.78265122                       179.50965
                  11.554                      0.78777606                       178.61654
                  11.557                      0.79269734                       177.73629
                   11.56                      0.79742767                       176.86837
                  11.563                      0.80197869                       176.01229
                  11.566                      0.80636112                       175.16753
                  11.569                      0.81058489                       174.33365
                  11.572                      0.81465916                        173.5102
                  11.575                      0.81859243                       172.69676
                  11.578                      0.82239255                       171.89292
                  11.581                      0.82606681                       171.09831
                  11.584                      0.82962196                       170.31256
                  11.587                       0.8330643                       169.53533
                   11.59                      0.83639965                       168.76629
                  11.593                      0.83963346                       168.00514
                  11.596                      0.84277079                       167.25157
                  11.599                      0.84581636                       166.50531
                  11.602                      0.84877457                       165.76609
                  11.605                      0.85164954                       165.03365
                  11.608                      0.85444511                       164.30776
                  11.611                      0.85716489                       163.58819
                  11.614                      0.85981225                       162.87472
                  11.617                      0.86239035                       162.16714
                   11.62                      0.86490215                       161.46525
                  11.623                      0.86735045                       160.76888
                  11.626                      0.86973786                       160.07783
                  11.629                      0.87206684                       159.39195
                  11.632                      0.87433973                       158.71106
                  11.635                      0.87655869                       158.03502
                  11.638                      0.87872581                       157.36367
                  11.641                      0.88084301                       156.69688
                  11.644                      0.88291215                       156.03451
                  11.647                      0.88493497                       155.37644
                   11.65                       0.8869131                       154.72253
                  11.653                      0.88884811                       154.07268
                  11.656                      0.89074147                       153.42678
                  11.659                      0.89259459                        152.7847
                  11.662                      0.89440879                       152.14636
                  11.665                      0.89618534                       151.51166
                  11.668                      0.89792545                       150.88049
                  11.671                      0.89963024                       150.25278
                  11.674                      0.90130082                       149.62843
                  11.677                      0.90293822                       149.00736
                   11.68                      0.90454342                        148.3895
                  11.683                      0.90611738                       147.77476
                  11.686                      0.90766098                       147.16307
                  11.689                       0.9091751                       146.55437
                  11.692                      0.91066055                       145.94858
                  11.695                      0.91211812                       145.34564
                  11.698                      0.91354856                       144.74549
                  11.701                       0.9149526                       144.14807
                  11.704                      0.91633092                       143.55332
                  11.707                      0.91768419                       142.96118
                   11.71                      0.91901306                        142.3716
                  11.713                      0.92031812                       141.78453
                  11.716                      0.92159997                       141.19991
                  11.719                      0.92285917                       140.61771
                  11.722                      0.92409627                       140.03787
                  11.725                      0.92531178                       139.46035
                  11.728                      0.92650622                       138.88511
                  11.731                      0.92768008                        138.3121
                  11.734                      0.92883381                       137.74128
                  11.737                      0.92996787                       137.17261
                   11.74                      0.93108269                       136.60606
                  11.743                      0.93217871                       136.04159
                  11.746                      0.93325633                       135.47916
                  11.749                      0.93431593                       134.91875
                  11.752                       0.9353579                        134.3603
                  11.755                      0.93638262                       133.80381
                  11.758                      0.93739043                       133.24922
                  11.761                      0.93838169                       132.69652
                  11.764                      0.93935672                       132.14566
                  11.767                      0.94031586                       131.59664
                   11.77                      0.94125942                       131.04941
                  11.773                       0.9421877                       130.50394
                  11.776                        0.943101                       129.96022
                  11.779                      0.94399962                       129.41822
                  11.782                      0.94488382                       128.87791
                  11.785                      0.94575389                       128.33927
                  11.788                      0.94661009                       127.80228
                  11.791                      0.94745267                        127.2669
                  11.794                      0.94828189                       126.73313
                  11.797                        0.949098                       126.20093
                    11.8                      0.94990122                        125.6703
                  11.803                      0.95069179                        125.1412
                  11.806                      0.95146994                       124.61361
                  11.809                      0.95223589                       124.08753
                  11.812                      0.95298985                       123.56292
                  11.815                      0.95373203                       123.03977
                  11.818                      0.95446264                       122.51807
                  11.821                      0.95518187                       121.99778
                  11.824                      0.95588992                       121.47891
                  11.827                      0.95658699                       120.96142
                   11.83                      0.95727325                       120.44531
                  11.833                      0.95794888                       119.93055
                  11.836                      0.95861408                       119.41714
                  11.839                        0.959269                       118.90505
                  11.842                      0.95991382                       118.39427
                  11.845                      0.96054871                       117.88479
                  11.848                      0.96117383                       117.37659
                  11.851                      0.96178933                       116.86965
                  11.854                      0.96239537                       116.36397
                  11.857                      0.96299211                       115.85953
                   11.86                      0.96357969                       115.35632
                  11.863                      0.96415826                       114.85432
                  11.866                      0.96472797                       114.35352
                  11.869                      0.96528895                       113.85391
                  11.872                      0.96584134                       113.35547
                  11.875                      0.96638527                        112.8582
                  11.878                      0.96692088                       112.36208
                  11.881                      0.96744831                        111.8671
                  11.884                      0.96796766                       111.37325
                  11.887                      0.96847908                       110.88052
                   11.89                      0.96898267                        110.3889
                  11.893                      0.96947857                       109.89837
                  11.896                      0.96996689                       109.40892
                  11.899                      0.97044774                       108.92056
                  11.902                      0.97092124                       108.43325
                  11.905                       0.9713875                         107.947
                  11.908                      0.97184663                        107.4618
                  11.911                      0.97229873                       106.97763
                  11.914                      0.97274392                       106.49449
                  11.917                       0.9731823                       106.01236
                   11.92                      0.97361396                       105.53124
                  11.923                      0.97403901                       105.05111
                  11.926                      0.97445754                       104.57198
                  11.929                      0.97486966                       104.09382
                  11.932                      0.97527545                       103.61664
                  11.935                      0.97567502                       103.14042
                  11.938                      0.97606844                       102.66515
                  11.941                      0.97645582                       102.19083
                  11.944                      0.97683724                       101.71745
                  11.947                      0.97721279                       101.24499
                   11.95                      0.97758256                       100.77346
                  11.953                      0.97794662                       100.30284
                  11.956                      0.97830506                       99.833129
                  11.959                      0.97865796                       99.364314
                  11.962                      0.97900541                        98.89639
                  11.965                      0.97934748                        98.42935
                  11.968                      0.97968425                       97.963186
                  11.971                       0.9800158                       97.497891
                  11.974                      0.98034219                       97.033458
                  11.977                      0.98066351                       96.569879
                   11.98                      0.98097983                       96.107148
                  11.983                      0.98129122                       95.645258
                  11.986                      0.98159775                       95.184203
                  11.989                      0.98189949                       94.723975
                  11.992                       0.9821965                       94.264568
                  11.995                      0.98248886                       93.805976
                  11.998                      0.98277663                       93.348191
                  12.001                      0.98305988                       92.891209
                  12.004                      0.98333866                       92.435022
                  12.007                      0.98361305                       91.979624
                   12.01                      0.98388311                        91.52501
                  12.013                      0.98414889                       91.071173
                  12.016                      0.98441046                       90.618107
                  12.019                      0.98466788                       90.165806
                  12.022                       0.9849212                       89.714265
                  12.025                      0.98517048                       89.263478
                  12.028                      0.98541578                       88.813439
                  12.031                      0.98565716                       88.364143
                  12.034                      0.98589467                       87.915583
                  12.037                      0.98612836                       87.467755
                   12.04                      0.98635829                       87.020653
                  12.043                      0.98658451                       86.574272
                  12.046                      0.98680708                       86.128606
                  12.049                      0.98702603                        85.68365
                  12.052                      0.98724143                       85.239399
                  12.055                      0.98745333                       84.795848
                  12.058                      0.98766176                       84.352991
                  12.061                      0.98786679                       83.910825
                  12.064                      0.98806845                       83.469343
                  12.067                      0.98826679                       83.028541
                   12.07                      0.98846187                       82.588414
                  12.073                      0.98865372                       82.148957
                  12.076                       0.9888424                       81.710165
                  12.079                      0.98902793                       81.272034
                  12.082                      0.98921038                        80.83456
                  12.085                      0.98938977                       80.397736
                  12.088                      0.98956616                        79.96156
                  12.091                      0.98973958                       79.526026
                  12.094                      0.98991008                        79.09113
                  12.097                      0.99007769                       78.656867
                    12.1                      0.99024246                       78.223233
                  12.103                      0.99040442                       77.790225
                  12.106                      0.99056361                       77.357836
                  12.109                      0.99072008                       76.926064
                  12.112                      0.99087386                       76.494904
                  12.115                      0.99102498                       76.064352
                  12.118                      0.99117348                       75.634403
                  12.121                       0.9913194                       75.205054
                  12.124                      0.99146278                       74.776301
                  12.127                      0.99160365                       74.348139
                   12.13                      0.99174204                       73.920565
                  12.133                      0.99187798                       73.493574
                  12.136                      0.99201152                       73.067164
                  12.139                      0.99214268                       72.641329
                  12.142                       0.9922715                       72.216067
                  12.145                      0.99239801                       71.791372
                  12.148                      0.99252224                       71.367243
                  12.151                      0.99264422                       70.943674
                  12.154                      0.99276398                       70.520663
                  12.157                      0.99288156                       70.098205
                   12.16                      0.99299698                       69.676297
                  12.163                      0.99311027                       69.254936
                  12.166                      0.99322146                       68.834118
                  12.169                      0.99333059                       68.413839
                  12.172                      0.99343767                       67.994096
                  12.175                      0.99354275                       67.574885
                  12.178                      0.99364583                       67.156204
                  12.181                      0.99374696                       66.738048
                  12.184                      0.99384616                       66.320414
                  12.187                      0.99394345                         65.9033
                   12.19                      0.99403887                       65.486701
                  12.193                      0.99413243                       65.070615
                  12.196                      0.99422417                       64.655038
                  12.199                       0.9943141                       64.239967
                  12.202                      0.99440226                       63.825399
                  12.205                      0.99448866                        63.41133
                  12.208                      0.99457334                       62.997759
                  12.211                      0.99465631                       62.584681
                  12.214                       0.9947376                       62.172093
                  12.217                      0.99481723                       61.759993
                   12.22                      0.99489522                       61.348377
                  12.223                      0.99497161                       60.937243
                  12.226                       0.9950464                       60.526587
                  12.229                      0.99511962                       60.116407
                  12.232                       0.9951913                       59.706699
                  12.235                      0.99526145                       59.297462
                  12.238                       0.9953301                       58.888691
                  12.241                      0.99539727                       58.480384
                  12.244                      0.99546297                       58.072539
                  12.247                      0.99552723                       57.665152
                   12.25                      0.99559006                       57.258221
                  12.253                       0.9956515                       56.851743
                  12.256                      0.99571155                       56.445715
                  12.259                      0.99577024                       56.040135
                  12.262                      0.99582758                       55.635001
                  12.265                      0.99588359                       55.230308
                  12.268                       0.9959383                       54.826055
                  12.271                      0.99599172                       54.422239
                  12.274                      0.99604387                       54.018858
                  12.277                      0.99609477                       53.615909
                   12.28                      0.99614443                       53.213389
                  12.283                      0.99619287                       52.811296
                  12.286                      0.99624011                       52.409628
                  12.289                      0.99628617                       52.008382
                  12.292                      0.99633106                       51.607555
                  12.295                       0.9963748                       51.207145
                  12.298                       0.9964174                        50.80715
                  12.301                      0.99645889                       50.407567
                  12.304                      0.99649927                       50.008395
                  12.307                      0.99653857                        49.60963
                   12.31                       0.9965768                        49.21127
                  12.313                      0.99661397                       48.813313
                  12.316                       0.9966501                       48.415756
                  12.319                       0.9966852                       48.018599
                  12.322                       0.9967193                       47.621837
                  12.325                       0.9967524                       47.225469
                  12.328                      0.99678451                       46.829493
                  12.331                      0.99681566                       46.433906
                  12.334                      0.99684586                       46.038706
                  12.337                      0.99687511                       45.643892
                   12.34                      0.99690345                        45.24946
                  12.343                      0.99693087                       44.855409
                  12.346                      0.99695739                       44.461737
                  12.349                      0.99698302                       44.068442
                  12.352                      0.99700779                       43.675521
                  12.355                      0.99703169                       43.282972
                  12.358                      0.99705475                       42.890794
                  12.361                      0.99707697                       42.498984
                  12.364                      0.99709838                       42.107541
                  12.367                      0.99711897                       41.716461
                   12.37                      0.99713877                       41.325744
                  12.373                      0.99715778                       40.935388
                  12.376                      0.99717602                        40.54539
                  12.379                       0.9971935                       40.155748
                  12.382                      0.99721024                        39.76646
                  12.385                      0.99722623                       39.377526
                  12.388                       0.9972415                       38.988942
                  12.391                      0.99725605                       38.600706
                  12.394                       0.9972699                       38.212818
                  12.397                      0.99728305                       37.825275
                    12.4                      0.99729553                       37.438075
                  12.403                      0.99730733                       37.051216
                  12.406                      0.99731847                       36.664697
                  12.409                      0.99732896                       36.278516
                  12.412                      0.99733882                       35.892671
                  12.415                      0.99734804                        35.50716
                  12.418                      0.99735664                       35.121981
                  12.421                      0.99736464                       34.737133
                  12.424                      0.99737204                       34.352614
                  12.427                      0.99737884                       33.968422
                   12.43                      0.99738507                       33.584556
                  12.433                      0.99739073                       33.201013
                  12.436                      0.99739582                       32.817793
                  12.439                      0.99740037                       32.434893
                  12.442                      0.99740437                       32.052312
                  12.445                      0.99740785                       31.670048
                  12.448                      0.99741079                       31.288099
                  12.451                      0.99741323                       30.906464
                  12.454                      0.99741516                       30.525142
                  12.457                      0.99741659                        30.14413
                   12.46                      0.99741753                       29.763427
                  12.463                        0.997418                       29.383032
                  12.466                      0.99741799                       29.002942
                  12.469                      0.99741752                       28.623157
                  12.472                       0.9974166                       28.243675
                  12.475                      0.99741523                       27.864494
                  12.478                      0.99741343                       27.485612
                  12.481                      0.99741119                       27.107029
                  12.484                      0.99740853                       26.728743
                  12.487                      0.99740546                       26.350751
                   12.49                      0.99740199                       25.973054
                  12.493                      0.99739811                       25.595648
                  12.496                      0.99739385                       25.218533
                  12.499                       0.9973892                       24.841708
                  12.502                      0.99738418                        24.46517
                  12.505                      0.99737879                       24.088919
                  12.508                      0.99737304                       23.712953
                  12.511                      0.99736693                        23.33727
                  12.514                      0.99736048                        22.96187
                  12.517                       0.9973537                        22.58675
                   12.52                      0.99734657                        22.21191
                  12.523                      0.99733913                       21.837348
                  12.526                      0.99733137                       21.463062
                  12.529                      0.99732329                       21.089051
                  12.532                      0.99731491                       20.715315
                  12.535                      0.99730624                       20.341851
                  12.538                      0.99729727                       19.968658
                  12.541                      0.99728802                       19.595735
                  12.544                      0.99727849                        19.22308
                  12.547                      0.99726869                       18.850693
                   12.55                      0.99725862                       18.478572
                  12.553                       0.9972483                       18.106716
                  12.556                      0.99723772                       17.735122
                  12.559                      0.99722689                       17.363791
                  12.562                      0.99721583                       16.992721
                  12.565                      0.99720453                        16.62191
                  12.568                        0.997193                       16.251358
                  12.571                      0.99718125                       15.881063
                  12.574                      0.99716929                       15.511023
                  12.577                      0.99715711                       15.141239
                   12.58                      0.99714473                       14.771707
                  12.583                      0.99713215                       14.402428
                  12.586                      0.99711937                       14.033399
                  12.589                      0.99710641                       13.664621
                  12.592                      0.99709326                       13.296091
                  12.595                      0.99707994                       12.927808
                  12.598                      0.99706644                       12.559771
                  12.601                      0.99705278                        12.19198
                  12.604                      0.99703896                       11.824432
                  12.607                      0.99702498                       11.457127
                   12.61                      0.99701085                       11.090064
                  12.613                      0.99699657                       10.723241
                  12.616                      0.99698215                       10.356657
                  12.619                       0.9969676                       9.9903115
                  12.622                      0.99695292                       9.6242029
                  12.625                      0.99693811                       9.2583302
                  12.628                      0.99692318                       8.8926922
                  12.631                      0.99690813                        8.527288
                  12.634                      0.99689298                       8.1621163
                  12.637                      0.99687771                       7.7971761
                   12.64                      0.99686235                       7.4324663
                  12.643                      0.99684688                       7.0679858
                  12.646                      0.99683133                       6.7037336
                  12.649                      0.99681568                       6.3397085
                  12.652                      0.99679996                       5.9759096
                  12.655                      0.99678415                       5.6123357
                  12.658                      0.99676827                       5.2489859
                  12.661                      0.99675231                        4.885859
                  12.664                      0.99673629                        4.522954
                  12.667                      0.99672021                         4.16027
                   12.67                      0.99670407                       3.7978058
                  12.673                      0.99668788                       3.4355605
                  12.676                      0.99667164                        3.073533
                  12.679                      0.99665535                       2.7117223
                  12.682                      0.99663902                       2.3501275
                  12.685                      0.99662265                       1.9887475
                  12.688                      0.99660625                       1.6275813
                  12.691                      0.99658981                        1.266628
                  12.694                      0.99657336                      0.90588654
                  12.697                      0.99655688                      0.54535597
                    12.7                      0.99654038                       0.1850353
                  12.703                      0.99652386                       359.82492
                  12.706                      0.99650734                       359.46502
                  12.709                      0.99649081                       359.10532
                  12.712                      0.99647427                       358.74583
                  12.715                      0.99645773                       358.38655
                  12.718                       0.9964412                       358.02747
                  12.721                      0.99642467                       357.66859
                  12.724                      0.99640816                       357.30991
                  12.727                      0.99639165                       356.95144
                   12.73                      0.99637517                       356.59316
                  12.733                       0.9963587                       356.23509
                  12.736                      0.99634226                       355.87721
                  12.739                      0.99632584                       355.51954
                  12.742                      0.99630945                       355.16205
                  12.745                       0.9962931                       354.80477
                  12.748                      0.99627678                       354.44768
                  12.751                       0.9962605                       354.09078
                  12.754                      0.99624427                       353.73408
                  12.757                      0.99622808                       353.37757
                   12.76                      0.99621193                       353.02125
                  12.763                      0.99619584                       352.66512
                  12.766                       0.9961798                       352.30918
                  12.769                      0.99616382                       351.95343
                  12.772                       0.9961479                       351.59787
                  12.775                      0.99613203                        351.2425
                  12.778                      0.99611624                       350.88731
                  12.781                      0.99610051                       350.53231
                  12.784                      0.99608486                       350.17749
                  12.787                      0.99606927                       349.82286
                   12.79                      0.99605376                        349.4684
                  12.793                      0.99603833                       349.11414
                  12.796                      0.99602298                       348.76005
                  12.799                      0.99600772                       348.40614
                  12.802                      0.99599254                       348.05241
                  12.805                      0.99597744                       347.69886
                  12.808                      0.99596244                       347.34549
                  12.811                      0.99594753                        346.9923
                  12.814                      0.99593272                       346.63928
                  12.817                        0.995918                       346.28644
                   12.82                      0.99590338                       345.93377
                  12.823                      0.99588887                       345.58128
                  12.826                      0.99587446                       345.22896
                  12.829                      0.99586015                       344.87682
                  12.832                      0.99584596                       344.52484
                  12.835                      0.99583187                       344.17304
                  12.838                       0.9958179                        343.8214
                  12.841                      0.99580404                       343.46994
                  12.844                      0.99579029                       343.11864
                  12.847                      0.99577667                       342.76751
                   12.85                      0.99576317                       342.41655
                  12.853                      0.99574978                       342.06575
                  12.856                      0.99573653                       341.71513
                  12.859                      0.99572339                       341.36466
                  12.862                      0.99571039                       341.01436
                  12.865                      0.99569751                       340.66422
                  12.868                      0.99568477                       340.31425
                  12.871                      0.99567216                       339.96443
                  12.874                      0.99565968                       339.61478
                  12.877                      0.99564734                       339.26529
                   12.88                      0.99563514                       338.91596
                  12.883                      0.99562307                       338.56679
                  12.886                      0.99561115                       338.21777
                  12.889                      0.99559937                       337.86891
                  12.892                      0.99558773                       337.52021
                  12.895                      0.99557624                       337.17167
                  12.898                       0.9955649                       336.82328
                  12.901                       0.9955537                       336.47504
                  12.904                      0.99554265                       336.12696
                  12.907                      0.99553175                       335.77904
                   12.91                      0.99552101                       335.43126
                  12.913                      0.99551042                       335.08364
                  12.916                      0.99549998                       334.73617
                  12.919                       0.9954897                       334.38885
                  12.922                      0.99547957                       334.04167
                  12.925                       0.9954696                       333.69465
                  12.928                      0.99545979                       333.34778
                  12.931                      0.99545015                       333.00105
                  12.934                      0.99544066                       332.65447
                  12.937                      0.99543134                       332.30804
                   12.94                      0.99542217                       331.96175
                  12.943                      0.99541318                       331.61561
                  12.946                      0.99540434                       331.26961
                  12.949                      0.99539568                       330.92376
                  12.952                      0.99538718                       330.57805
                  12.955                      0.99537885                       330.23248
                  12.958                      0.99537069                       329.88705
                  12.961                      0.99536269                       329.54177
                  12.964                      0.99535487                       329.19662
                  12.967                      0.99534722                       328.85162
                   12.97                      0.99533974                       328.50675
                  12.973                      0.99533243                       328.16203
                  12.976                      0.99532529                       327.81744
                  12.979                      0.99531833                       327.47299
                  12.982                      0.99531154                       327.12867
                  12.985                      0.99530493                       326.78449
                  12.988                      0.99529849                       326.44045
                  12.991                      0.99529223                       326.09654
                  12.994                      0.99528615                       325.75277
                  12.997                      0.99528024                       325.40913
                      13                      0.99527451                       325.06562
                  13.003                      0.99526896                       324.72225
                  13.006                      0.99526358                         324.379
                  13.009                      0.99525839                       324.03589
                  13.012                      0.99525337                       323.69291
                  13.015                      0.99524853                       323.35006
                  13.018                      0.99524387                       323.00734
                  13.021                      0.99523939                       322.66474
                  13.024                      0.99523509                       322.32228
                  13.027                      0.99523097                       321.97994
                   13.03                      0.99522703                       321.63773
                  13.033                      0.99522328                       321.29565
                  13.036                       0.9952197                       320.95369
                  13.039                       0.9952163                       320.61186
                  13.042                      0.99521309                       320.27015
                  13.045                      0.99521005                       319.92857
                  13.048                       0.9952072                       319.58711
                  13.051                      0.99520452                       319.24577
                  13.054                      0.99520203                       318.90456
                  13.057                      0.99519972                       318.56346
                   13.06                      0.99519759                       318.22249
                  13.063                      0.99519564                       317.88164
                  13.066                      0.99519387                       317.54091
                  13.069                      0.99519228                        317.2003
                  13.072                      0.99519087                       316.85981
                  13.075                      0.99518965                       316.51944
                  13.078                       0.9951886                       316.17918
                  13.081                      0.99518773                       315.83905
                  13.084                      0.99518704                       315.49903
                  13.087                      0.99518653                       315.15912
                   13.09                       0.9951862                       314.81934
                  13.093                      0.99518605                       314.47966
                  13.096                      0.99518608                       314.14011
                  13.099                      0.99518629                       313.80066
                  13.102                      0.99518667                       313.46133
                  13.105                      0.99518723                       313.12212
                  13.108                      0.99518797                       312.78302
                  13.111                      0.99518888                       312.44402
                  13.114                      0.99518997                       312.10515
                  13.117                      0.99519123                       311.76638
                   13.12                      0.99519267                       311.42772
                  13.123                      0.99519429                       311.08917
                  13.126                      0.99519608                       310.75073
                  13.129                      0.99519804                       310.41241
                  13.132                      0.99520017                       310.07419
                  13.135                      0.99520248                       309.73607
                  13.138                      0.99520495                       309.39807
                  13.141                       0.9952076                       309.06017
                  13.144                      0.99521042                       308.72238
                  13.147                      0.99521341                        308.3847
                   13.15                      0.99521657                       308.04712
                  13.153                      0.99521989                       307.70965
                  13.156                      0.99522338                       307.37228
                  13.159                      0.99522704                       307.03502
                  13.162                      0.99523087                       306.69786
                  13.165                      0.99523486                        306.3608
                  13.168                      0.99523901                       306.02384
                  13.171                      0.99524332                       305.68699
                  13.174                       0.9952478                       305.35024
                  13.177                      0.99525244                       305.01359
                   13.18                      0.99525724                       304.67704
                  13.183                      0.99526221                        304.3406
                  13.186                      0.99526732                       304.00425
                  13.189                       0.9952726                         303.668
                  13.192                      0.99527804                       303.33185
                  13.195                      0.99528363                        302.9958
                  13.198                      0.99528937                       302.65985
                  13.201                      0.99529527                         302.324
                  13.204                      0.99530132                       301.98824
                  13.207                      0.99530752                       301.65258
                   13.21                      0.99531388                       301.31702
                  13.213                      0.99532038                       300.98155
                  13.216                      0.99532703                       300.64618
                  13.219                      0.99533383                        300.3109
                  13.222                      0.99534077                       299.97572
                  13.225                      0.99534786                       299.64063
                  13.228                       0.9953551                       299.30563
                  13.231                      0.99536247                       298.97073
                  13.234                      0.99536999                       298.63592
                  13.237                      0.99537765                       298.30121
                   13.24                      0.99538545                       297.96658
                  13.243                      0.99539338                       297.63205
                  13.246                      0.99540145                       297.29761
                  13.249                      0.99540966                       296.96326
                  13.252                        0.995418                         296.629
                  13.255                      0.99542647                       296.29483
                  13.258                      0.99543508                       295.96075
                  13.261                      0.99544381                       295.62676
                  13.264                      0.99545267                       295.29285
                  13.267                      0.99546166                       294.95904
                   13.27                      0.99547078                       294.62531
                  13.273                      0.99548002                       294.29168
                  13.276                      0.99548938                       293.95812
                  13.279                      0.99549887                       293.62466
                  13.282                      0.99550847                       293.29128
                  13.285                       0.9955182                       292.95799
                  13.288                      0.99552804                       292.62478
                  13.291                        0.995538                       292.29166
                  13.294                      0.99554807                       291.95862
                  13.297                      0.99555825                       291.62567
                    13.3                      0.99556855                        291.2928
                  13.303                      0.99557895                       290.96002
                  13.306                      0.99558947                       290.62732
                  13.309                      0.99560009                        290.2947
                  13.312                      0.99561082                       289.96216
                  13.315                      0.99562165                       289.62971
                  13.318                      0.99563258                       289.29734
                  13.321                      0.99564361                       288.96505
                  13.324                      0.99565474                       288.63284
                  13.327                      0.99566597                       288.30071
                   13.33                       0.9956773                       287.96866
                  13.333                      0.99568872                       287.63669
                  13.336                      0.99570023                        287.3048
                  13.339                      0.99571183                       286.97299
                  13.342                      0.99572352                       286.64126
                  13.345                       0.9957353                       286.30961
                  13.348                      0.99574717                       285.97804
                  13.351                      0.99575911                       285.64654
                  13.354                      0.99577115                       285.31512
                  13.357                      0.99578326                       284.98378
                   13.36                      0.99579545                       284.65252
                  13.363                      0.99580772                       284.32133
                  13.366                      0.99582006                       283.99022
                  13.369                      0.99583248                       283.65918
                  13.372                      0.99584497                       283.32822
                  13.375                      0.99585754                       282.99734
                  13.378                      0.99587017                       282.66653
                  13.381                      0.99588286                       282.33579
                  13.384                      0.99589562                       282.00513
                  13.387                      0.99590845                       281.67454
                   13.39                      0.99592134                       281.34403
                  13.393                      0.99593428                       281.01359
                  13.396                      0.99594729                       280.68322
                  13.399                      0.99596035                       280.35293
                  13.402                      0.99597347                       280.02271
                  13.405                      0.99598664                       279.69256
                  13.408                      0.99599985                       279.36248
                  13.411                      0.99601312                       279.03247
                  13.414                      0.99602644                       278.70253
                  13.417                       0.9960398                       278.37267
                   13.42                       0.9960532                       278.04287
                  13.423                      0.99606665                       277.71315
                  13.426                      0.99608013                       277.38349
                  13.429                      0.99609366                       277.05391
                  13.432                      0.99610722                       276.72439
                  13.435                      0.99612081                       276.39494
                  13.438                      0.99613444                       276.06557
                  13.441                      0.99614809                       275.73626
                  13.444                      0.99616178                       275.40701
                  13.447                      0.99617549                       275.07784
                   13.45                      0.99618923                       274.74873
                  13.453                      0.99620298                       274.41969
                  13.456                      0.99621676                       274.09072
                  13.459                      0.99623056                       273.76182
                  13.462                      0.99624438                       273.43298
                  13.465                      0.99625821                       273.10421
                  13.468                      0.99627206                        272.7755
                  13.471                      0.99628591                       272.44686
                  13.474                      0.99629978                       272.11828
                  13.477                      0.99631365                       271.78977
                   13.48                      0.99632753                       271.46133
                  13.483                      0.99634142                       271.13295
                  13.486                       0.9963553                       270.80463
                  13.489                      0.99636919                       270.47638
                  13.492                      0.99638307                       270.14819
                  13.495                      0.99639695                       269.82006
                  13.498                      0.99641082                         269.492
                  13.501                      0.99642469                         269.164
                  13.504                      0.99643855                       268.83607
                  13.507                      0.99645239                       268.50819
                   13.51                      0.99646622                       268.18038
                  13.513                      0.99648004                       267.85263
                  13.516                      0.99649384                       267.52495
                  13.519                      0.99650762                       267.19732
                  13.522                      0.99652137                       266.86976
                  13.525                      0.99653511                       266.54226
                  13.528                      0.99654882                       266.21481
                  13.531                       0.9965625                       265.88743
                  13.534                      0.99657615                       265.56011
                  13.537                      0.99658978                       265.23285
                   13.54                      0.99660337                       264.90565
                  13.543                      0.99661692                       264.57851
                  13.546                      0.99663044                       264.25143
                  13.549                      0.99664392                       263.92441
                  13.552                      0.99665736                       263.59744
                  13.555                      0.99667076                       263.27054
                  13.558                      0.99668411                       262.94369
                  13.561                      0.99669742                       262.61691
                  13.564                      0.99671068                       262.29018
                  13.567                      0.99672388                       261.96351
                   13.57                      0.99673704                        261.6369
                  13.573                      0.99675014                       261.31034
                  13.576                      0.99676319                       260.98384
                  13.579                      0.99677618                        260.6574
                  13.582                       0.9967891                       260.33102
                  13.585                      0.99680197                       260.00469
                  13.588                      0.99681477                       259.67842
                  13.591                      0.99682751                       259.35221
                  13.594                      0.99684018                       259.02605
                  13.597                      0.99685279                       258.69995
                    13.6                      0.99686532                        258.3739
                  13.603                      0.99687777                       258.04791
                  13.606                      0.99689016                       257.72197
                  13.609                      0.99690246                       257.39609
                  13.612                      0.99691469                       257.07027
                  13.615                      0.99692684                        256.7445
                  13.618                       0.9969389                       256.41878
                  13.621                      0.99695088                       256.09312
                  13.624                      0.99696278                       255.76752
                  13.627                      0.99697458                       255.44196
                   13.63                       0.9969863                       255.11647
                  13.633                      0.99699792                       254.79102
                  13.636                      0.99700946                       254.46563
                  13.639                      0.99702089                       254.14029
                  13.642                      0.99703223                       253.81501
                  13.645                      0.99704347                       253.48977
                  13.648                      0.99705461                        253.1646
                  13.651                      0.99706565                       252.83947
                  13.654                      0.99707658                        252.5144
                  13.657                       0.9970874                       252.18937
                   13.66                      0.99709812                       251.86441
                  13.663                      0.99710873                       251.53949
                  13.666                      0.99711922                       251.21462
                  13.669                       0.9971296                       250.88981
                  13.672                      0.99713987                       250.56505
                  13.675                      0.99715002                       250.24034
                  13.678                      0.99716005                       249.91568
                  13.681                      0.99716996                       249.59107
                  13.684                      0.99717975                       249.26651
                  13.687                      0.99718941                       248.94201
                   13.69                      0.99719895                       248.61755
                  13.693                      0.99720836                       248.29314
                  13.696                      0.99721764                       247.96879
                  13.699                      0.99722679                       247.64448
                  13.702                      0.99723581                       247.32023
                  13.705                      0.99724469                       246.99602
                  13.708                      0.99725343                       246.67187
                  13.711                      0.99726204                       246.34776
                  13.714                      0.99727051                       246.02371
                  13.717                      0.99727884                        245.6997
                   13.72                      0.99728702                       245.37574
                  13.723                      0.99729506                       245.05183
                  13.726                      0.99730295                       244.72798
                  13.729                      0.99731069                       244.40416
                  13.732                      0.99731828                        244.0804
                  13.735                      0.99732572                       243.75669
                  13.738                      0.99733301                       243.43302
                  13.741                      0.99734015                       243.10941
                  13.744                      0.99734712                       242.78584
                  13.747                      0.99735394                       242.46232
                   13.75                       0.9973606                       242.13884
                  13.753                       0.9973671                       241.81542
                  13.756                      0.99737343                       241.49204
                  13.759                       0.9973796                       241.16871
                  13.762                       0.9973856                       240.84543
                  13.765                      0.99739144                       240.52219
                  13.768                       0.9973971                         240.199
                  13.771                       0.9974026                       239.87586
                  13.774                      0.99740792                       239.55277
                  13.777                      0.99741307                       239.22972
                   13.78                      0.99741804                       238.90672
                  13.783                      0.99742283                       238.58377
                  13.786                      0.99742745                       238.26086
                  13.789                      0.99743188                         237.938
                  13.792                      0.99743614                       237.61518
                  13.795                      0.99744021                       237.29241
                  13.798                      0.99744409                       236.96969
                  13.801                      0.99744779                       236.64701
                  13.804                       0.9974513                       236.32438
                  13.807                      0.99745462                        236.0018
                   13.81                      0.99745774                       235.67926
                  13.813                      0.99746068                       235.35676
                  13.816                      0.99746342                       235.03431
                  13.819                      0.99746597                       234.71191
                  13.822                      0.99746831                       234.38955
                  13.825                      0.99747046                       234.06724
                  13.828                      0.99747241                       233.74497
                  13.831                      0.99747416                       233.42275
                  13.834                      0.99747571                       233.10057
                  13.837                      0.99747705                       232.77843
                   13.84                      0.99747818                       232.45634
                  13.843                      0.99747911                        232.1343
                  13.846                      0.99747983                        231.8123
                  13.849                      0.99748034                       231.49034
                  13.852                      0.99748064                       231.16843
                  13.855                      0.99748072                       230.84656
                  13.858                      0.99748059                       230.52474
                  13.861                      0.99748024                       230.20296
                  13.864                      0.99747968                       229.88122
                  13.867                       0.9974789                       229.55953
                   13.87                       0.9974779                       229.23788
                  13.873                      0.99747668                       228.91628
                  13.876                      0.99747523                       228.59472
                  13.879                      0.99747356                        228.2732
                  13.882                      0.99747167                       227.95173
                  13.885                      0.99746954                        227.6303
                  13.888                      0.99746719                       227.30891
                  13.891                      0.99746461                       226.98757
                  13.894                       0.9974618                       226.66626
                  13.897                      0.99745876                       226.34501
                    13.9                      0.99745549                       226.02379
                  13.903                      0.99745198                       225.70262
                  13.906                      0.99744823                       225.38149
                  13.909                      0.99744425                        225.0604
                  13.912                      0.99744002                       224.73936
                  13.915                      0.99743556                       224.41836
                  13.918                      0.99743086                        224.0974
                  13.921                      0.99742591                       223.77648
                  13.924                      0.99742072                       223.45561
                  13.927                      0.99741529                       223.13477
                   13.93                      0.99740961                       222.81398
                  13.933                      0.99740368                       222.49324
                  13.936                       0.9973975                       222.17253
                  13.939                      0.99739107                       221.85187
                  13.942                      0.99738439                       221.53125
                  13.945                      0.99737746                       221.21067
                  13.948                      0.99737028                       220.89013
                  13.951                      0.99736283                       220.56963
                  13.954                      0.99735514                       220.24918
                  13.957                      0.99734718                       219.92876
                   13.96                      0.99733897                       219.60839
                  13.963                      0.99733049                       219.28806
                  13.966                      0.99732176                       218.96777
                  13.969                      0.99731276                       218.64753
                  13.972                       0.9973035                       218.32732
                  13.975                      0.99729397                       218.00716
                  13.978                      0.99728418                       217.68703
                  13.981                      0.99727412                       217.36695
                  13.984                      0.99726379                       217.04691
                  13.987                      0.99725319                       216.72691
                   13.99                      0.99724232                       216.40695
                  13.993                      0.99723117                       216.08703
                  13.996                      0.99721976                       215.76715
                  13.999                      0.99720807                       215.44732
                  14.002                       0.9971961                       215.12752
                  14.005                      0.99718386                       214.80776
                  14.008                      0.99717133                       214.48805
                  14.011                      0.99715853                       214.16837
                  14.014                      0.99714545                       213.84874
                  14.017                      0.99713208                       213.52915
                   14.02                      0.99711844                       213.20959
                  14.023                       0.9971045                       212.89008
                  14.026                      0.99709029                       212.57061
                  14.029                      0.99707578                       212.25118
                  14.032                      0.99706099                       211.93179
                  14.035                      0.99704591                       211.61243
                  14.038                      0.99703054                       211.29312
                  14.041                      0.99701488                       210.97385
                  14.044                      0.99699892                       210.65462
                  14.047                      0.99698267                       210.33543
                   14.05                      0.99696613                       210.01628
                  14.053                      0.99694929                       209.69716
                  14.056                      0.99693215                       209.37809
                  14.059                      0.99691471                       209.05906
                  14.062                      0.99689698                       208.74007
                  14.065                      0.99687894                       208.42111
                  14.068                       0.9968606                        208.1022
                  14.071                      0.99684196                       207.78333
                  14.074                      0.99682301                       207.46449
                  14.077                      0.99680375                        207.1457
                   14.08                      0.99678419                       206.82694
                  14.083                      0.99676432                       206.50823
                  14.086                      0.99674415                       206.18955
                  14.089                      0.99672366                       205.87091
                  14.092                      0.99670285                       205.55231
                  14.095                      0.99668174                       205.23376
                  14.098                      0.99666031                       204.91524
                  14.101                      0.99663857                       204.59676
                  14.104                      0.99661651                       204.27831
                  14.107                      0.99659413                       203.95991
                   14.11                      0.99657143                       203.64155
                  14.113                      0.99654841                       203.32323
                  14.116                      0.99652506                       203.00494
                  14.119                       0.9965014                       202.68669
                  14.122                      0.99647741                       202.36849
                  14.125                       0.9964531                       202.05032
                  14.128                      0.99642845                       201.73219
                  14.131                      0.99640348                        201.4141
                  14.134                      0.99637818                       201.09604
                  14.137                      0.99635255                       200.77803
                   14.14                      0.99632659                       200.46006
                  14.143                      0.99630029                       200.14212
                  14.146                      0.99627366                       199.82422
                  14.149                      0.99624669                       199.50636
                  14.152                      0.99621939                       199.18854
                  14.155                      0.99619175                       198.87076
                  14.158                      0.99616376                       198.55301
                  14.161                      0.99613544                       198.23531
                  14.164                      0.99610677                       197.91764
                  14.167                      0.99607776                       197.60001
                   14.17                       0.9960484                       197.28242
                  14.173                      0.99601869                       196.96487
                  14.176                      0.99598864                       196.64736
                  14.179                      0.99595824                       196.32988
                  14.182                      0.99592748                       196.01244
                  14.185                      0.99589638                       195.69504
                  14.188                      0.99586491                       195.37768
                  14.191                       0.9958331                       195.06036
                  14.194                      0.99580092                       194.74307
                  14.197                      0.99576839                       194.42582
                    14.2                       0.9957355                       194.10861
                  14.203                      0.99570225                       193.79144
                  14.206                      0.99566863                       193.47431
                  14.209                      0.99563465                       193.15721
                  14.212                      0.99560031                       192.84016
                  14.215                      0.99556559                       192.52314
                  14.218                      0.99553051                       192.20615
                  14.221                      0.99549506                       191.88921
                  14.224                      0.99545923                        191.5723
                  14.227                      0.99542303                       191.25543
                   14.23                      0.99538646                        190.9386
                  14.233                      0.99534951                       190.62181
                  14.236                      0.99531218                       190.30505
                  14.239                      0.99527447                       189.98833
                  14.242                      0.99523638                       189.67165
                  14.245                       0.9951979                       189.35501
                  14.248                      0.99515904                        189.0384
                  14.251                      0.99511979                       188.72183
                  14.254                      0.99508016                        188.4053
                  14.257                      0.99504013                        188.0888
                   14.26                      0.99499972                       187.77235
                  14.263                      0.99495891                       187.45593
                  14.266                       0.9949177                       187.13955
                  14.269                       0.9948761                        186.8232
                  14.272                      0.99483409                        186.5069
                  14.275                      0.99479169                       186.19063
                  14.278                      0.99474888                       185.87439
                  14.281                      0.99470567                        185.5582
                  14.284                      0.99466206                       185.24204
                  14.287                      0.99461803                       184.92592
                   14.29                       0.9945736                       184.60983
                  14.293                      0.99452875                       184.29379
                  14.296                      0.99448349                       183.97778
                  14.299                      0.99443781                        183.6618
                  14.302                      0.99439172                       183.34587
                  14.305                       0.9943452                       183.02997
                  14.308                      0.99429827                       182.71411
                  14.311                      0.99425091                       182.39828
                  14.314                      0.99420312                       182.08249
                  14.317                      0.99415491                       181.76674
                   14.32                      0.99410626                       181.45103
                  14.323                      0.99405719                       181.13535
                  14.326                      0.99400768                       180.81971
                  14.329                      0.99395773                       180.50411
                  14.332                      0.99390735                       180.18854
                  14.335                      0.99385652                       179.87301
                  14.338                      0.99380525                       179.55752
                  14.341                      0.99375354                       179.24207
                  14.344                      0.99370138                       178.92665
                  14.347                      0.99364877                       178.61126
                   14.35                      0.99359571                       178.29592
                  14.353                      0.99354219                       177.98061
                  14.356                      0.99348822                       177.66534
                  14.359                      0.99343378                        177.3501
                  14.362                      0.99337889                        177.0349
                  14.365                      0.99332354                       176.71974
                  14.368                      0.99326771                       176.40462
                  14.371                      0.99321142                       176.08953
                  14.374                      0.99315466                       175.77448
                  14.377                      0.99309743                       175.45946
                   14.38                      0.99303972                       175.14448
                  14.383                      0.99298153                       174.82954
                  14.386                      0.99292286                       174.51464
                  14.389                       0.9928637                       174.19977
                  14.392                      0.99280406                       173.88493
                  14.395                      0.99274393                       173.57014
                  14.398                      0.99268331                       173.25538
                  14.401                       0.9926222                       172.94066
                  14.404                      0.99256059                       172.62597
                  14.407                      0.99249848                       172.31132
                   14.41                      0.99243587                       171.99671
                  14.413                      0.99237275                       171.68213
                  14.416                      0.99230913                       171.36759
                  14.419                      0.99224499                       171.05309
                  14.422                      0.99218034                       170.73862
                  14.425                      0.99211518                       170.42419
                  14.428                      0.99204949                        170.1098
                  14.431                      0.99198329                       169.79544
                  14.434                      0.99191655                       169.48112
                  14.437                       0.9918493                       169.16684
                   14.44                       0.9917815                       168.85259
                  14.443                      0.99171318                       168.53838
                  14.446                      0.99164432                       168.22421
                  14.449                      0.99157492                       167.91007
                  14.452                      0.99150497                       167.59597
                  14.455                      0.99143448                        167.2819
                  14.458                      0.99136344                       166.96787
                  14.461                      0.99129184                       166.65388
                  14.464                      0.99121969                       166.33993
                  14.467                      0.99114698                       166.02601
                   14.47                      0.99107371                       165.71213
                  14.473                      0.99099987                       165.39828
                  14.476                      0.99092546                       165.08447
                  14.479                      0.99085048                        164.7707
                  14.482                      0.99077492                       164.45696
                  14.485                      0.99069879                       164.14326
                  14.488                      0.99062207                        163.8296
                  14.491                      0.99054476                       163.51598
                  14.494                      0.99046687                       163.20239
                  14.497                      0.99038838                       162.88883
                    14.5                      0.99030929                       162.57532

