                        S1(1),1(1)/abs,linear                S1(1),1(1)/arg,degrees
----------------------------------------------------------------------------------------------------------------
                    15.8                      0.58732555                       90.334306
                 15.8017                      0.58293889                       90.189428
                 15.8034                      0.57860461                        90.04587
                 15.8051                      0.57432153                       89.903595
                 15.8068                      0.57008852                       89.762567
                 15.8085                      0.56590447                       89.622752
                 15.8102                       0.5617683                       89.484117
                 15.8119                      0.55767899                       89.346629
                 15.8136                       0.5536355                       89.210259
                 15.8153                      0.54963686                       89.074978
                  15.817                      0.54568211                       88.940758
                 15.8187                      0.54177032                       88.807573
                 15.8204                      0.53790059                       88.675398
                 15.8221                      0.53407204                       88.544209
                 15.8238                      0.53028382                       88.413982
                 15.8255                      0.52653511                       88.284696
                 15.8272                      0.52282509                       88.156329
                 15.8289                      0.51915298                       88.028862
                 15.8306                      0.51551803                       87.902274
                 15.8323                      0.51191949                       87.776549
                  15.834                      0.50835664                       87.651667
                 15.8357                      0.50482879                       87.527613
                 15.8374                      0.50133525                        87.40437
                 15.8391                      0.49787536                       87.281922
                 15.8408                      0.49444848                       87.160256
                 15.8425                      0.49105398                       87.039357
                 15.8442                      0.48769125                       86.919212
                 15.8459                       0.4843597                       86.799808
                 15.8476                      0.48105875                       86.681132
                 15.8493                      0.47778784                       86.563173
                  15.851                      0.47454642                        86.44592
                 15.8527                      0.47133396                       86.329362
                 15.8544                      0.46814993                       86.213489
                 15.8561                      0.46499384                       86.098292
                 15.8578                       0.4618652                        85.98376
                 15.8595                      0.45876351                       85.869885
                 15.8612                      0.45568832                       85.756659
                 15.8629                      0.45263916                       85.644073
                 15.8646                       0.4496156                        85.53212
                 15.8663                      0.44661721                       85.420793
                  15.868                      0.44364355                       85.310084
                 15.8697                      0.44069422                       85.199987
                 15.8714                      0.43776882                       85.090495
                 15.8731                      0.43486696                       84.981603
                 15.8748                      0.43198825                       84.873304
                 15.8765                      0.42913232                       84.765594
                 15.8782                      0.42629882                       84.658466
                 15.8799                      0.42348738                       84.551916
                 15.8816                      0.42069766                        84.44594
                 15.8833                      0.41792933                       84.340532
                  15.885                      0.41518204                       84.235689
                 15.8867                      0.41245549                       84.131406
                 15.8884                      0.40974935                        84.02768
                 15.8901                      0.40706333                       83.924507
                 15.8918                      0.40439711                       83.821884
                 15.8935                      0.40175041                       83.719807
                 15.8952                      0.39912294                       83.618273
                 15.8969                      0.39651443                        83.51728
                 15.8986                      0.39392459                       83.416824
                 15.9003                      0.39135317                       83.316903
                  15.902                      0.38879989                       83.217515
                 15.9037                      0.38626451                       83.118657
                 15.9054                      0.38374677                       83.020328
                 15.9071                      0.38124644                       82.922525
                 15.9088                      0.37876327                       82.825246
                 15.9105                      0.37629702                        82.72849
                 15.9122                      0.37384748                       82.632255
                 15.9139                      0.37141441                       82.536539
                 15.9156                       0.3689976                       82.441342
                 15.9173                      0.36659683                       82.346661
                  15.919                       0.3642119                       82.252497
                 15.9207                      0.36184259                       82.158847
                 15.9224                      0.35948871                        82.06571
                 15.9241                      0.35715006                       81.973086
                 15.9258                      0.35482645                       81.880975
                 15.9275                      0.35251768                       81.789374
                 15.9292                      0.35022358                       81.698285
                 15.9309                      0.34794395                       81.607705
                 15.9326                      0.34567863                       81.517636
                 15.9343                      0.34342744                       81.428075
                  15.936                       0.3411902                       81.339024
                 15.9377                      0.33896675                       81.250482
                 15.9394                      0.33675693                       81.162448
                 15.9411                      0.33456057                       81.074923
                 15.9428                      0.33237751                       80.987906
                 15.9445                      0.33020761                       80.901398
                 15.9462                       0.3280507                       80.815399
                 15.9479                      0.32590664                       80.729909
                 15.9496                      0.32377528                       80.644928
                 15.9513                      0.32165648                       80.560456
                  15.953                       0.3195501                       80.476494
                 15.9547                        0.317456                       80.393043
                 15.9564                      0.31537403                       80.310102
                 15.9581                      0.31330407                       80.227672
                 15.9598                      0.31124599                       80.145753
                 15.9615                      0.30919966                       80.064347
                 15.9632                      0.30716494                       79.983454
                 15.9649                      0.30514172                       79.903075
                 15.9666                      0.30312987                        79.82321
                 15.9683                      0.30112928                        79.74386
                   15.97                      0.29913981                       79.665026
                 15.9717                      0.29716137                       79.586708
                 15.9734                      0.29519382                       79.508909
                 15.9751                      0.29323707                       79.431628
                 15.9768                      0.29129099                       79.354868
                 15.9785                      0.28935549                       79.278628
                 15.9802                      0.28743044                       79.202909
                 15.9819                      0.28551576                       79.127714
                 15.9836                      0.28361132                       79.053043
                 15.9853                      0.28171704                       78.978898
                  15.987                      0.27983281                       78.905279
                 15.9887                      0.27795853                       78.832188
                 15.9904                       0.2760941                       78.759626
                 15.9921                      0.27423943                       78.687595
                 15.9938                      0.27239442                       78.616095
                 15.9955                      0.27055898                        78.54513
                 15.9972                      0.26873302                       78.474699
                 15.9989                      0.26691645                       78.404804
                 16.0006                      0.26510917                       78.335448
                 16.0023                       0.2633111                       78.266631
                  16.004                      0.26152216                       78.198355
                 16.0057                      0.25974225                       78.130623
                 16.0074                       0.2579713                       78.063434
                 16.0091                      0.25620921                       77.996793
                 16.0108                      0.25445592                       77.930699
                 16.0125                      0.25271133                       77.865155
                 16.0142                      0.25097537                       77.800163
                 16.0159                      0.24924796                       77.735724
                 16.0176                      0.24752902                       77.671841
                 16.0193                      0.24581847                       77.608516
                  16.021                      0.24411624                       77.545751
                 16.0227                      0.24242226                       77.483547
                 16.0244                      0.24073644                       77.421906
                 16.0261                      0.23905872                       77.360832
                 16.0278                      0.23738903                       77.300326
                 16.0295                      0.23572729                        77.24039
                 16.0312                      0.23407343                       77.181027
                 16.0329                      0.23242739                       77.122239
                 16.0346                       0.2307891                       77.064029
                 16.0363                      0.22915848                       77.006398
                  16.038                      0.22753547                       76.949349
                 16.0397                         0.22592                       76.892885
                 16.0414                      0.22431202                       76.837008
                 16.0431                      0.22271145                       76.781722
                 16.0448                      0.22111823                       76.727028
                 16.0465                      0.21953229                       76.672929
                 16.0482                      0.21795358                       76.619429
                 16.0499                      0.21638204                       76.566529
                 16.0516                      0.21481759                       76.514234
                 16.0533                      0.21326018                       76.462545
                  16.055                      0.21170975                       76.411466
                 16.0567                      0.21016624                          76.361
                 16.0584                      0.20862959                       76.311151
                 16.0601                      0.20709975                       76.261921
                 16.0618                      0.20557665                       76.213313
                 16.0635                      0.20406023                       76.165331
                 16.0652                      0.20255045                       76.117979
                 16.0669                      0.20104724                        76.07126
                 16.0686                      0.19955055                       76.025177
                 16.0703                      0.19806033                       75.979735
                  16.072                      0.19657651                       75.934936
                 16.0737                      0.19509905                       75.890786
                 16.0754                      0.19362788                       75.847287
                 16.0771                      0.19216297                       75.804444
                 16.0788                      0.19070425                        75.76226
                 16.0805                      0.18925167                       75.720741
                 16.0822                      0.18780519                        75.67989
                 16.0839                      0.18636474                       75.639712
                 16.0856                      0.18493028                       75.600211
                 16.0873                      0.18350175                       75.561392
                  16.089                      0.18207911                       75.523259
                 16.0907                      0.18066231                       75.485818
                 16.0924                      0.17925129                       75.449073
                 16.0941                      0.17784601                        75.41303
                 16.0958                      0.17644642                       75.377694
                 16.0975                      0.17505247                        75.34307
                 16.0992                       0.1736641                       75.309163
                 16.1009                      0.17228128                        75.27598
                 16.1026                      0.17090396                       75.243525
                 16.1043                      0.16953208                       75.211806
                  16.106                      0.16816561                       75.180828
                 16.1077                      0.16680449                       75.150597
                 16.1094                      0.16544867                        75.12112
                 16.1111                      0.16409812                       75.092404
                 16.1128                      0.16275278                       75.064455
                 16.1145                      0.16141261                        75.03728
                 16.1162                      0.16007756                       75.010887
                 16.1179                       0.1587476                       74.985282
                 16.1196                      0.15742266                       74.960475
                 16.1213                      0.15610272                       74.936471
                  16.123                      0.15478772                       74.913281
                 16.1247                      0.15347762                       74.890911
                 16.1264                      0.15217237                        74.86937
                 16.1281                      0.15087194                       74.848668
                 16.1298                      0.14957627                       74.828814
                 16.1315                      0.14828533                       74.809816
                 16.1332                      0.14699908                       74.791685
                 16.1349                      0.14571746                        74.77443
                 16.1366                      0.14444044                       74.758062
                 16.1383                      0.14316797                       74.742592
                   16.14                      0.14190001                       74.728031
                 16.1417                      0.14063651                       74.714389
                 16.1434                      0.13937745                       74.701679
                 16.1451                      0.13812277                       74.689913
                 16.1468                      0.13687243                       74.679104
                 16.1485                      0.13562639                       74.669263
                 16.1502                      0.13438461                       74.660406
                 16.1519                      0.13314705                       74.652545
                 16.1536                      0.13191366                       74.645695
                 16.1553                      0.13068441                       74.639872
                  16.157                      0.12945925                       74.635089
                 16.1587                      0.12823815                       74.631364
                 16.1604                      0.12702106                       74.628713
                 16.1621                      0.12580794                       74.627153
                 16.1638                      0.12459875                       74.626701
                 16.1655                      0.12339345                       74.627377
                 16.1672                      0.12219201                       74.629199
                 16.1689                      0.12099438                       74.632187
                 16.1706                      0.11980051                       74.636362
                 16.1723                      0.11861038                       74.641745
                  16.174                      0.11742394                       74.648358
                 16.1757                      0.11624116                       74.656225
                 16.1774                      0.11506198                       74.665369
                 16.1791                      0.11388638                       74.675815
                 16.1808                      0.11271432                        74.68759
                 16.1825                      0.11154575                       74.700719
                 16.1842                      0.11038064                       74.715233
                 16.1859                      0.10921894                       74.731158
                 16.1876                      0.10806062                       74.748527
                 16.1893                      0.10690565                       74.767371
                  16.191                      0.10575398                       74.787722
                 16.1927                      0.10460557                       74.809616
                 16.1944                      0.10346038                       74.833088
                 16.1961                      0.10231839                       74.858176
                 16.1978                      0.10117955                       74.884919
                 16.1995                      0.10004382                       74.913357
                 16.2012                      0.09891116                       74.943535
                 16.2029                     0.097781543                       74.975496
                 16.2046                     0.096654927                       75.009287
                 16.2063                     0.095531276                       75.044958
                  16.208                     0.094410551                       75.082558
                 16.2097                     0.093292719                       75.122142
                 16.2114                      0.09217774                       75.163766
                 16.2131                     0.091065581                       75.207488
                 16.2148                     0.089956205                       75.253371
                 16.2165                     0.088849577                       75.301478
                 16.2182                     0.087745661                       75.351877
                 16.2199                     0.086644423                       75.404641
                 16.2216                     0.085545827                       75.459843
                 16.2233                      0.08444984                       75.517562
                  16.225                     0.083356428                        75.57788
                 16.2267                     0.082265557                       75.640886
                 16.2284                     0.081177194                       75.706669
                 16.2301                     0.080091306                       75.775327
                 16.2318                     0.079007862                       75.846961
                 16.2335                     0.077926829                       75.921679
                 16.2352                     0.076848175                       75.999592
                 16.2369                     0.075771872                       76.080822
                 16.2386                     0.074697888                       76.165493
                 16.2403                     0.073626194                       76.253739
                  16.242                     0.072556762                       76.345701
                 16.2437                     0.071489563                       76.441529
                 16.2454                     0.070424571                        76.54138
                 16.2471                     0.069361759                       76.645422
                 16.2488                     0.068301103                       76.753834
                 16.2505                     0.067242578                       76.866803
                 16.2522                     0.066186161                       76.984531
                 16.2539                     0.065131831                       77.107232
                 16.2556                     0.064079566                       77.235132
                 16.2573                     0.063029349                       77.368473
                  16.259                     0.061981161                       77.507514
                 16.2607                     0.060934987                        77.65253
                 16.2624                     0.059890812                       77.803816
                 16.2641                     0.058848627                       77.961686
                 16.2658                     0.057808419                       78.126476
                 16.2675                     0.056770183                       78.298549
                 16.2692                     0.055733914                        78.47829
                 16.2709                      0.05469961                       78.666116
                 16.2726                     0.053667272                       78.862473
                 16.2743                     0.052636906                       79.067843
                  16.276                     0.051608521                       79.282743
                 16.2777                     0.050582129                       79.507733
                 16.2794                     0.049557748                       79.743416
                 16.2811                     0.048535401                       79.990446
                 16.2828                     0.047515117                       80.249531
                 16.2845                      0.04649693                       80.521437
                 16.2862                     0.045480882                          80.807
                 16.2879                     0.044467022                       81.107124
                 16.2896                      0.04345541                         81.4228
                 16.2913                     0.042446113                       81.755105
                  16.293                     0.041439209                       82.105218
                 16.2947                     0.040434791                        82.47443
                 16.2964                     0.039432961                       82.864156
                 16.2981                     0.038433841                       83.275951
                 16.2998                     0.037437568                       83.711527
                 16.3015                     0.036444298                       84.172772
                 16.3032                     0.035454211                       84.661773
                 16.3049                     0.034467512                       85.180837
                 16.3066                     0.033484434                       85.732527
                 16.3083                     0.032505244                        86.31969
                   16.31                     0.031530246                       86.945496
                 16.3117                     0.030559789                       87.613483
                 16.3134                     0.029594271                       88.327609
                 16.3151                     0.028634148                       89.092306
                 16.3168                     0.027679945                       89.912551
                 16.3185                     0.026732264                       90.793939
                 16.3202                     0.025791799                       91.742773
                 16.3219                     0.024859352                       92.766162
                 16.3236                     0.023935849                       93.872133
                 16.3253                     0.023022366                       95.069757
                  16.327                      0.02212015                       96.369282
                 16.3287                     0.021230655                       97.782283
                 16.3304                     0.020355577                       99.321806
                 16.3321                     0.019496895                       101.00251
                 16.3338                     0.018656927                       102.84079
                 16.3355                     0.017838381                       104.85483
                 16.3372                     0.017044425                       107.06457
                 16.3389                     0.016278754                       109.49153
                 16.3406                     0.015545665                       112.15836
                 16.3423                     0.014850117                         115.088
                  16.344                     0.014197785                       118.30245
                 16.3457                     0.013595068                       121.82072
                 16.3474                     0.013049046                       125.65618
                 16.3491                     0.012567336                       129.81309
                 16.3508                     0.012157835                       134.28276
                 16.3525                     0.011828323                       139.03985
                 16.3542                     0.011585926                       144.03983
                 16.3559                     0.011436508                       149.21886
                 16.3576                     0.011384074                       154.49695
                 16.3593                     0.011430321                        159.7844
                  16.361                      0.01157444                       164.99054
                 16.3627                     0.011813236                        170.0327
                 16.3644                     0.012141518                        174.8433
                 16.3661                     0.012552666                       179.37368
                 16.3678                     0.013039243                       183.59462
                 16.3695                     0.013593554                       187.49424
                 16.3712                     0.014208072                       191.07442
                 16.3729                     0.014875734                       194.34692
                 16.3746                     0.015590106                       197.32984
                 16.3763                     0.016345454                        200.0447
                  16.378                     0.017136744                       202.51441
                 16.3797                     0.017959605                       204.76175
                 16.3814                     0.018810269                       206.80852
                 16.3831                     0.019685502                       208.67501
                 16.3848                     0.020582534                       210.37978
                 16.3865                     0.021498998                        211.9396
                 16.3882                     0.022432866                       213.36949
                 16.3899                     0.023382406                        214.6828
                 16.3916                     0.024346131                       215.89142
                 16.3933                     0.025322765                       217.00585
                  16.395                      0.02631121                       218.03541
                 16.3967                     0.027310519                       218.98832
                 16.3984                     0.028319875                       219.87188
                 16.4001                     0.029338571                       220.69255
                 16.4018                     0.030365993                       221.45606
                 16.4035                     0.031401607                       222.16752
                 16.4052                      0.03244495                       222.83146
                 16.4069                     0.033495617                       223.45193
                 16.4086                     0.034553256                       224.03256
                 16.4103                     0.035617559                       224.57658
                  16.412                     0.036688256                       225.08692
                 16.4137                     0.037765113                       225.56618
                 16.4154                     0.038847924                       226.01672
                 16.4171                     0.039936509                       226.44068
                 16.4188                     0.041030712                       226.83999
                 16.4205                     0.042130395                       227.21638
                 16.4222                     0.043235441                       227.57144
                 16.4239                     0.044345745                       227.90663
                 16.4256                     0.045461219                       228.22324
                 16.4273                     0.046581786                       228.52248
                  16.429                     0.047707381                       228.80546
                 16.4307                     0.048837947                       229.07317
                 16.4324                     0.049973438                       229.32654
                 16.4341                     0.051113815                       229.56641
                 16.4358                     0.052259047                       229.79357
                 16.4375                     0.053409108                       230.00873
                 16.4392                     0.054563979                       230.21256
                 16.4409                     0.055723645                       230.40568
                 16.4426                     0.056888098                       230.58864
                 16.4443                     0.058057331                       230.76197
                  16.446                     0.059231344                       230.92616
                 16.4477                     0.060410138                       231.08167
                 16.4494                      0.06159372                       231.22891
                 16.4511                     0.062782098                       231.36828
                 16.4528                     0.063975283                       231.50014
                 16.4545                     0.065173288                       231.62484
                 16.4562                     0.066376128                       231.74268
                 16.4579                     0.067583823                       231.85398
                 16.4596                      0.06879639                         231.959
                 16.4613                     0.070013852                       232.05801
                  16.463                     0.071236231                       232.15125
                 16.4647                     0.072463552                       232.23895
                 16.4664                     0.073695839                       232.32133
                 16.4681                     0.074933119                       232.39859
                 16.4698                     0.076175421                       232.47091
                 16.4715                     0.077422772                       232.53849
                 16.4732                     0.078675202                       232.60148
                 16.4749                     0.079932742                       232.66005
                 16.4766                     0.081195422                       232.71434
                 16.4783                     0.082463275                       232.76451
                   16.48                     0.083736332                       232.81067
                 16.4817                     0.085014626                       232.85296
                 16.4834                     0.086298191                       232.89151
                 16.4851                     0.087587061                       232.92641
                 16.4868                     0.088881269                       232.95778
                 16.4885                      0.09018085                       232.98572
                 16.4902                     0.091485839                       233.01033
                 16.4919                     0.092796271                        233.0317
                 16.4936                     0.094112181                       233.04991
                 16.4953                     0.095433605                       233.06505
                  16.497                     0.096760578                       233.07719
                 16.4987                     0.098093136                       233.08642
                 16.5004                     0.099431314                        233.0928
                 16.5021                      0.10077515                        233.0964
                 16.5038                      0.10212468                       233.09728
                 16.5055                      0.10347993                        233.0955
                 16.5072                      0.10484096                       233.09113
                 16.5089                      0.10620778                       233.08422
                 16.5106                      0.10758044                       233.07481
                 16.5123                      0.10895897                       233.06297
                  16.514                       0.1103434                       233.04874
                 16.5157                      0.11173379                       233.03217
                 16.5174                      0.11313015                        233.0133
                 16.5191                      0.11453252                       232.99217
                 16.5208                      0.11594095                       232.96882
                 16.5225                      0.11735546                        232.9433
                 16.5242                      0.11877608                       232.91564
                 16.5259                      0.12020287                       232.88587
                 16.5276                      0.12163584                       232.85402
                 16.5293                      0.12307503                       232.82014
                  16.531                      0.12452048                       232.78425
                 16.5327                      0.12597222                       232.74639
                 16.5344                      0.12743028                       232.70657
                 16.5361                       0.1288947                       232.66483
                 16.5378                      0.13036551                       232.62119
                 16.5395                      0.13184274                       232.57569
                 16.5412                      0.13332643                       232.52833
                 16.5429                      0.13481659                       232.47916
                 16.5446                      0.13631328                       232.42818
                 16.5463                      0.13781651                       232.37543
                  16.548                      0.13932633                       232.32091
                 16.5497                      0.14084275                       232.26466
                 16.5514                      0.14236581                       232.20669
                 16.5531                      0.14389554                       232.14703
                 16.5548                      0.14543197                       232.08567
                 16.5565                      0.14697512                       232.02266
                 16.5582                      0.14852503                       231.95799
                 16.5599                      0.15008171                       231.89169
                 16.5616                      0.15164521                       231.82378
                 16.5633                      0.15321555                       231.75426
                  16.565                      0.15479275                       231.68315
                 16.5667                      0.15637683                       231.61048
                 16.5684                      0.15796783                       231.53624
                 16.5701                      0.15956577                       231.46045
                 16.5718                      0.16117067                       231.38313
                 16.5735                      0.16278256                       231.30428
                 16.5752                      0.16440146                       231.22393
                 16.5769                      0.16602739                       231.14207
                 16.5786                      0.16766038                       231.05873
                 16.5803                      0.16930044                       230.97391
                  16.582                       0.1709476                       230.88762
                 16.5837                      0.17260189                       230.79987
                 16.5854                       0.1742633                       230.71068
                 16.5871                      0.17593188                       230.62004
                 16.5888                      0.17760763                       230.52798
                 16.5905                      0.17929058                        230.4345
                 16.5922                      0.18098074                       230.33961
                 16.5939                      0.18267812                       230.24331
                 16.5956                      0.18438275                       230.14562
                 16.5973                      0.18609464                       230.04654
                  16.599                      0.18781381                       229.94608
                 16.6007                      0.18954026                       229.84425
                 16.6024                      0.19127402                       229.74106
                 16.6041                      0.19301509                       229.63651
                 16.6058                      0.19476349                       229.53061
                 16.6075                      0.19651923                       229.42337
                 16.6092                      0.19828232                       229.31479
                 16.6109                      0.20005276                       229.20488
                 16.6126                      0.20183058                       229.09365
                 16.6143                      0.20361577                        228.9811
                  16.616                      0.20540834                       228.86724
                 16.6177                      0.20720831                       228.75207
                 16.6194                      0.20901567                       228.63561
                 16.6211                      0.21083044                       228.51785
                 16.6228                      0.21265261                       228.39881
                 16.6245                       0.2144822                       228.27848
                 16.6262                       0.2163192                       228.15688
                 16.6279                      0.21816361                       228.03401
                 16.6296                      0.22001545                       227.90987
                 16.6313                       0.2218747                       227.78447
                  16.633                      0.22374137                       227.65781
                 16.6347                      0.22561545                       227.52991
                 16.6364                      0.22749695                       227.40076
                 16.6381                      0.22938587                       227.27037
                 16.6398                      0.23128219                       227.13874
                 16.6415                      0.23318591                       227.00589
                 16.6432                      0.23509703                       226.87181
                 16.6449                      0.23701554                       226.73651
                 16.6466                      0.23894144                       226.59999
                 16.6483                      0.24087471                       226.46226
                   16.65                      0.24281535                       226.32332
                 16.6517                      0.24476335                       226.18318
                 16.6534                      0.24671869                       226.04184
                 16.6551                      0.24868136                       225.89931
                 16.6568                      0.25065136                       225.75559
                 16.6585                      0.25262867                       225.61068
                 16.6602                      0.25461326                        225.4646
                 16.6619                      0.25660513                       225.31733
                 16.6636                      0.25860427                        225.1689
                 16.6653                      0.26061064                        225.0193
                  16.667                      0.26262424                       224.86853
                 16.6687                      0.26464504                       224.71661
                 16.6704                      0.26667303                       224.56353
                 16.6721                      0.26870818                       224.40931
                 16.6738                      0.27075047                       224.25393
                 16.6755                      0.27279987                       224.09742
                 16.6772                      0.27485636                       223.93976
                 16.6789                      0.27691992                       223.78098
                 16.6806                      0.27899052                       223.62106
                 16.6823                      0.28106812                       223.46002
                  16.684                      0.28315271                       223.29786
                 16.6857                      0.28524425                       223.13458
                 16.6874                      0.28734271                       222.97019
                 16.6891                      0.28944806                       222.80469
                 16.6908                      0.29156027                       222.63809
                 16.6925                      0.29367929                       222.47039
                 16.6942                      0.29580511                        222.3016
                 16.6959                      0.29793767                       222.13171
                 16.6976                      0.30007695                       221.96074
                 16.6993                       0.3022229                       221.78868
                  16.701                      0.30437548                       221.61555
                 16.7027                      0.30653467                       221.44134
                 16.7044                       0.3087004                       221.26606
                 16.7061                      0.31087264                       221.08972
                 16.7078                      0.31305135                       220.91232
                 16.7095                      0.31523648                       220.73386
                 16.7112                      0.31742799                       220.55435
                 16.7129                      0.31962582                       220.37379
                 16.7146                      0.32182994                       220.19219
                 16.7163                      0.32404028                       220.00955
                  16.718                      0.32625681                       219.82588
                 16.7197                      0.32847946                       219.64118
                 16.7214                       0.3307082                       219.45545
                 16.7231                      0.33294295                       219.26871
                 16.7248                      0.33518367                       219.08094
                 16.7265                       0.3374303                       218.89217
                 16.7282                      0.33968279                       218.70239
                 16.7299                      0.34194107                       218.51161
                 16.7316                      0.34420509                       218.31983
                 16.7333                      0.34647479                       218.12706
                  16.735                       0.3487501                        217.9333
                 16.7367                      0.35103096                       217.73856
                 16.7384                      0.35331732                       217.54285
                 16.7401                       0.3556091                       217.34616
                 16.7418                      0.35790624                        217.1485
                 16.7435                      0.36020867                       216.94987
                 16.7452                      0.36251632                        216.7503
                 16.7469                      0.36482913                       216.54976
                 16.7486                      0.36714702                       216.34828
                 16.7503                      0.36946993                       216.14586
                  16.752                      0.37179778                        215.9425
                 16.7537                       0.3741305                        215.7382
                 16.7554                      0.37646801                       215.53298
                 16.7571                      0.37881024                       215.32683
                 16.7588                      0.38115712                       215.11977
                 16.7605                      0.38350855                        214.9118
                 16.7622                      0.38586448                       214.70292
                 16.7639                      0.38822481                       214.49314
                 16.7656                      0.39058947                       214.28246
                 16.7673                      0.39295837                       214.07089
                  16.769                      0.39533144                       213.85844
                 16.7707                      0.39770859                       213.64511
                 16.7724                      0.40008973                        213.4309
                 16.7741                      0.40247478                       213.21583
                 16.7758                      0.40486365                       212.99989
                 16.7775                      0.40725627                        212.7831
                 16.7792                      0.40965252                       212.56545
                 16.7809                      0.41205234                       212.34696
                 16.7826                      0.41445563                       212.12763
                 16.7843                      0.41686229                       211.90746
                  16.786                      0.41927224                       211.68647
                 16.7877                      0.42168539                       211.46465
                 16.7894                      0.42410163                       211.24201
                 16.7911                      0.42652088                       211.01857
                 16.7928                      0.42894304                       210.79432
                 16.7945                      0.43136802                       210.56927
                 16.7962                      0.43379571                       210.34343
                 16.7979                      0.43622603                        210.1168
                 16.7996                      0.43865886                        209.8894
                 16.8013                      0.44109412                       209.66121
                  16.803                       0.4435317                       209.43226
                 16.8047                       0.4459715                       209.20255
                 16.8064                      0.44841343                       208.97208
                 16.8081                      0.45085737                       208.74086
                 16.8098                      0.45330323                        208.5089
                 16.8115                       0.4557509                        208.2762
                 16.8132                      0.45820028                       208.04277
                 16.8149                      0.46065127                       207.80862
                 16.8166                      0.46310375                       207.57375
                 16.8183                      0.46555763                       207.33817
                   16.82                      0.46801279                       207.10188
                 16.8217                      0.47046913                        206.8649
                 16.8234                      0.47292655                       206.62722
                 16.8251                      0.47538493                       206.38886
                 16.8268                      0.47784416                       206.14982
                 16.8285                      0.48030414                       205.91011
                 16.8302                      0.48276476                       205.66973
                 16.8319                      0.48522591                        205.4287
                 16.8336                      0.48768747                       205.18701
                 16.8353                      0.49014934                       204.94468
                  16.837                      0.49261141                       204.70171
                 16.8387                      0.49507356                       204.45811
                 16.8404                      0.49753568                       204.21389
                 16.8421                      0.49999766                       203.96905
                 16.8438                      0.50245939                        203.7236
                 16.8455                      0.50492076                       203.47754
                 16.8472                      0.50738165                       203.23089
                 16.8489                      0.50984195                       202.98365
                 16.8506                      0.51230154                       202.73582
                 16.8523                      0.51476032                       202.48743
                  16.854                      0.51721817                       202.23846
                 16.8557                      0.51967497                       201.98893
                 16.8574                      0.52213062                       201.73885
                 16.8591                      0.52458499                       201.48822
                 16.8608                      0.52703798                       201.23705
                 16.8625                      0.52948947                       200.98534
                 16.8642                      0.53193934                       200.73311
                 16.8659                      0.53438749                       200.48037
                 16.8676                       0.5368338                       200.22711
                 16.8693                      0.53927815                       199.97335
                  16.871                      0.54172043                       199.71909
                 16.8727                      0.54416053                       199.46434
                 16.8744                      0.54659834                        199.2091
                 16.8761                      0.54903374                        198.9534
                 16.8778                      0.55146661                       198.69722
                 16.8795                      0.55389685                       198.44059
                 16.8812                      0.55632434                        198.1835
                 16.8829                      0.55874897                       197.92596
                 16.8846                      0.56117063                       197.66799
                 16.8863                      0.56358921                       197.40958
                  16.888                      0.56600459                       197.15075
                 16.8897                      0.56841666                       196.89151
                 16.8914                      0.57082531                       196.63185
                 16.8931                      0.57323044                       196.37179
                 16.8948                      0.57563193                       196.11134
                 16.8965                      0.57802967                        195.8505
                 16.8982                      0.58042356                       195.58928
                 16.8999                      0.58281348                       195.32769
                 16.9016                      0.58519933                       195.06573
                 16.9033                        0.587581                       194.80342
                  16.905                      0.58995838                       194.54075
                 16.9067                      0.59233137                       194.27774
                 16.9084                      0.59469986                        194.0144
                 16.9101                      0.59706374                       193.75072
                 16.9118                      0.59942291                       193.48673
                 16.9135                      0.60177728                       193.22242
                 16.9152                      0.60412672                        192.9578
                 16.9169                      0.60647115                       192.69288
                 16.9186                      0.60881046                       192.42767
                 16.9203                      0.61114454                       192.16218
                  16.922                      0.61347331                       191.89641
                 16.9237                      0.61579665                       191.63037
                 16.9254                      0.61811448                       191.36406
                 16.9271                      0.62042669                        191.0975
                 16.9288                      0.62273319                       190.83069
                 16.9305                      0.62503387                       190.56364
                 16.9322                      0.62732866                       190.29636
                 16.9339                      0.62961744                       190.02885
                 16.9356                      0.63190013                       189.76112
                 16.9373                      0.63417664                       189.49317
                  16.939                      0.63644687                       189.22502
                 16.9407                      0.63871074                       188.95667
                 16.9424                      0.64096815                       188.68813
                 16.9441                      0.64321901                        188.4194
                 16.9458                      0.64546325                        188.1505
                 16.9475                      0.64770076                       187.88143
                 16.9492                      0.64993148                       187.61219
                 16.9509                       0.6521553                       187.34279
                 16.9526                      0.65437216                       187.07325
                 16.9543                      0.65658196                       186.80356
                  16.956                      0.65878463                       186.53374
                 16.9577                      0.66098008                       186.26379
                 16.9594                      0.66316825                       185.99371
                 16.9611                      0.66534904                       185.72352
                 16.9628                      0.66752239                       185.45322
                 16.9645                      0.66968821                       185.18282
                 16.9662                      0.67184644                       184.91233
                 16.9679                      0.67399701                       184.64174
                 16.9696                      0.67613983                       184.37107
                 16.9713                      0.67827484                       184.10033
                  16.973                      0.68040197                       183.82952
                 16.9747                      0.68252115                       183.55864
                 16.9764                      0.68463231                       183.28771
                 16.9781                       0.6867354                       183.01673
                 16.9798                      0.68883034                        182.7457
                 16.9815                      0.69091707                       182.47464
                 16.9832                      0.69299553                       182.20355
                 16.9849                      0.69506566                       181.93243
                 16.9866                       0.6971274                        181.6613
                 16.9883                      0.69918069                       181.39015
                   16.99                      0.70122548                         181.119
                 16.9917                       0.7032617                       180.84784
                 16.9934                      0.70528931                        180.5767
                 16.9951                      0.70730825                       180.30556
                 16.9968                      0.70931847                       180.03445
                 16.9985                      0.71131992                       179.76335
                 17.0002                      0.71331255                       179.49229
                 17.0019                      0.71529632                       179.22127
                 17.0036                      0.71727116                       178.95028
                 17.0053                      0.71923705                       178.67935
                  17.007                      0.72119394                       178.40846
                 17.0087                      0.72314178                       178.13764
                 17.0104                      0.72508053                       177.86688
                 17.0121                      0.72701015                       177.59619
                 17.0138                      0.72893061                       177.32557
                 17.0155                      0.73084186                       177.05504
                 17.0172                      0.73274388                       176.78459
                 17.0189                      0.73463661                       176.51423
                 17.0206                      0.73652004                       176.24397
                 17.0223                      0.73839413                       175.97381
                  17.024                      0.74025884                       175.70376
                 17.0257                      0.74211415                       175.43383
                 17.0274                      0.74396003                       175.16401
                 17.0291                      0.74579645                       174.89431
                 17.0308                      0.74762338                       174.62474
                 17.0325                       0.7494408                        174.3553
                 17.0342                       0.7512487                       174.08601
                 17.0359                      0.75304703                       173.81685
                 17.0376                      0.75483579                       173.54784
                 17.0393                      0.75661495                       173.27898
                  17.041                      0.75838449                       173.01028
                 17.0427                       0.7601444                       172.74174
                 17.0444                      0.76189466                       172.47337
                 17.0461                      0.76363525                       172.20517
                 17.0478                      0.76536616                       171.93714
                 17.0495                      0.76708739                       171.66929
                 17.0512                       0.7687989                       171.40162
                 17.0529                      0.77050071                       171.13414
                 17.0546                      0.77219278                       170.86686
                 17.0563                      0.77387513                       170.59977
                  17.058                      0.77554774                       170.33288
                 17.0597                       0.7772106                        170.0662
                 17.0614                      0.77886371                       169.79972
                 17.0631                      0.78050706                       169.53346
                 17.0648                      0.78214066                       169.26741
                 17.0665                       0.7837645                       169.00158
                 17.0682                      0.78537858                       168.73598
                 17.0699                       0.7869829                       168.47061
                 17.0716                      0.78857746                       168.20547
                 17.0733                      0.79016227                       167.94056
                  17.075                      0.79173733                       167.67589
                 17.0767                      0.79330264                       167.41147
                 17.0784                       0.7948582                       167.14729
                 17.0801                      0.79640403                       166.88336
                 17.0818                      0.79794014                       166.61968
                 17.0835                      0.79946652                       166.35626
                 17.0852                      0.80098319                        166.0931
                 17.0869                      0.80249017                        165.8302
                 17.0886                      0.80398745                       165.56757
                 17.0903                      0.80547506                       165.30521
                  17.092                        0.806953                       165.04311
                 17.0937                       0.8084213                        164.7813
                 17.0954                      0.80987995                       164.51976
                 17.0971                      0.81132899                        164.2585
                 17.0988                      0.81276843                       163.99753
                 17.1005                      0.81419828                       163.73684
                 17.1022                      0.81561856                       163.47644
                 17.1039                      0.81702929                       163.21634
                 17.1056                      0.81843049                       162.95653
                 17.1073                      0.81982218                       162.69702
                  17.109                      0.82120438                        162.4378
                 17.1107                      0.82257712                       162.17889
                 17.1124                      0.82394041                       161.92029
                 17.1141                      0.82529429                       161.66199
                 17.1158                      0.82663876                         161.404
                 17.1175                      0.82797387                       161.14632
                 17.1192                      0.82929962                       160.88896
                 17.1209                      0.83061606                       160.63191
                 17.1226                      0.83192321                       160.37519
                 17.1243                      0.83322108                       160.11878
                  17.126                      0.83450972                        159.8627
                 17.1277                      0.83578915                       159.60694
                 17.1294                       0.8370594                       159.35151
                 17.1311                       0.8383205                        159.0964
                 17.1328                      0.83957248                       158.84163
                 17.1345                      0.84081537                       158.58719
                 17.1362                       0.8420492                       158.33308
                 17.1379                        0.843274                       158.07931
                 17.1396                      0.84448981                       157.82588
                 17.1413                      0.84569666                       157.57279
                  17.143                      0.84689459                       157.32003
                 17.1447                      0.84808362                       157.06763
                 17.1464                      0.84926379                       156.81556
                 17.1481                      0.85043514                       156.56384
                 17.1498                       0.8515977                       156.31247
                 17.1515                      0.85275151                       156.06144
                 17.1532                       0.8538966                       155.81077
                 17.1549                      0.85503302                       155.56044
                 17.1566                      0.85616079                       155.31047
                 17.1583                      0.85727995                       155.06085
                   17.16                      0.85839055                       154.81159
                 17.1617                      0.85949262                       154.56268
                 17.1634                       0.8605862                       154.31413
                 17.1651                      0.86167133                       154.06594
                 17.1668                      0.86274804                       153.81811
                 17.1685                      0.86381638                       153.57063
                 17.1702                      0.86487639                       153.32352
                 17.1719                      0.86592811                       153.07677
                 17.1736                      0.86697157                       152.83038
                 17.1753                      0.86800682                       152.58436
                  17.177                       0.8690339                        152.3387
                 17.1787                      0.87005285                       152.09341
                 17.1804                      0.87106371                       151.84848
                 17.1821                      0.87206653                       151.60392
                 17.1838                      0.87306133                       151.35972
                 17.1855                      0.87404818                        151.1159
                 17.1872                      0.87502711                       150.87244
                 17.1889                      0.87599815                       150.62935
                 17.1906                      0.87696136                       150.38663
                 17.1923                      0.87791678                       150.14429
                  17.194                      0.87886445                       149.90231
                 17.1957                      0.87980441                        149.6607
                 17.1974                      0.88073671                       149.41947
                 17.1991                      0.88166138                        149.1786
                 17.2008                      0.88257849                       148.93811
                 17.2025                      0.88348805                         148.698
                 17.2042                      0.88439013                       148.45825
                 17.2059                      0.88528477                       148.21888
                 17.2076                        0.886172                       147.97988
                 17.2093                      0.88705187                       147.74126
                  17.211                      0.88792443                         147.503
                 17.2127                      0.88878973                       147.26513
                 17.2144                      0.88964779                       147.02762
                 17.2161                      0.89049868                       146.79049
                 17.2178                      0.89134243                       146.55374
                 17.2195                      0.89217909                       146.31736
                 17.2212                       0.8930087                       146.08135
                 17.2229                      0.89383131                       145.84572
                 17.2246                      0.89464696                       145.61046
                 17.2263                       0.8954557                       145.37557
                  17.228                      0.89625756                       145.14106
                 17.2297                       0.8970526                       144.90692
                 17.2314                      0.89784086                       144.67316
                 17.2331                      0.89862239                       144.43977
                 17.2348                      0.89939722                       144.20675
                 17.2365                       0.9001654                       143.97411
                 17.2382                      0.90092698                       143.74184
                 17.2399                      0.90168201                       143.50994
                 17.2416                      0.90243051                       143.27841
                 17.2433                      0.90317255                       143.04726
                  17.245                      0.90390816                       142.81648
                 17.2467                      0.90463739                       142.58607
                 17.2484                      0.90536028                       142.35603
                 17.2501                      0.90607687                       142.12636
                 17.2518                      0.90678722                       141.89706
                 17.2535                      0.90749135                       141.66813
                 17.2552                      0.90818933                       141.43957
                 17.2569                      0.90888118                       141.21138
                 17.2586                      0.90956696                       140.98355
                 17.2603                      0.91024671                        140.7561
                  17.262                      0.91092046                       140.52901
                 17.2637                      0.91158827                       140.30229
                 17.2654                      0.91225018                       140.07593
                 17.2671                      0.91290623                       139.84995
                 17.2688                      0.91355646                       139.62432
                 17.2705                      0.91420091                       139.39906
                 17.2722                      0.91483963                       139.17417
                 17.2739                      0.91547266                       138.94964
                 17.2756                      0.91610005                       138.72547
                 17.2773                      0.91672183                       138.50166
                  17.279                      0.91733804                       138.27821
                 17.2807                      0.91794874                       138.05513
                 17.2824                      0.91855395                        137.8324
                 17.2841                      0.91915372                       137.61004
                 17.2858                       0.9197481                       137.38803
                 17.2875                      0.92033713                       137.16638
                 17.2892                      0.92092083                       136.94509
                 17.2909                      0.92149927                       136.72415
                 17.2926                      0.92207247                       136.50357
                 17.2943                      0.92264047                       136.28335
                  17.296                      0.92320333                       136.06347
                 17.2977                      0.92376107                       135.84396
                 17.2994                      0.92431374                       135.62479
                 17.3011                      0.92486138                       135.40597
                 17.3028                      0.92540403                       135.18751
                 17.3045                      0.92594172                       134.96939
                 17.3062                       0.9264745                       134.75163
                 17.3079                       0.9270024                       134.53421
                 17.3096                      0.92752547                       134.31714
                 17.3113                      0.92804374                       134.10041
                  17.313                      0.92855725                       133.88403
                 17.3147                      0.92906604                         133.668
                 17.3164                      0.92957015                       133.45231
                 17.3181                      0.93006961                       133.23696
                 17.3198                      0.93056447                       133.02195
                 17.3215                      0.93105476                       132.80728
                 17.3232                      0.93154052                       132.59296
                 17.3249                      0.93202178                       132.37897
                 17.3266                      0.93249858                       132.16532
                 17.3283                      0.93297097                         131.952
                   17.33                      0.93343897                       131.73902
                 17.3317                      0.93390262                       131.52638
                 17.3334                      0.93436195                       131.31407
                 17.3351                      0.93481702                       131.10209
                 17.3368                      0.93526784                       130.89045
                 17.3385                      0.93571445                       130.67913
                 17.3402                       0.9361569                       130.46815
                 17.3419                      0.93659521                       130.25749
                 17.3436                      0.93702942                       130.04716
                 17.3453                      0.93745956                       129.83716
                  17.347                      0.93788568                       129.62748
                 17.3487                      0.93830779                       129.41813
                 17.3504                      0.93872595                        129.2091
                 17.3521                      0.93914017                       129.00039
                 17.3538                       0.9395505                       128.79201
                 17.3555                      0.93995696                       128.58394
                 17.3572                       0.9403596                       128.37619
                 17.3589                      0.94075844                       128.16877
                 17.3606                      0.94115351                       127.96165
                 17.3623                      0.94154486                       127.75486
                  17.364                       0.9419325                       127.54838
                 17.3657                      0.94231648                       127.34221
                 17.3674                      0.94269682                       127.13635
                 17.3691                      0.94307356                       126.93081
                 17.3708                      0.94344672                       126.72558
                 17.3725                      0.94381635                       126.52065
                 17.3742                      0.94418246                       126.31603
                 17.3759                      0.94454509                       126.11173
                 17.3776                      0.94490427                       125.90772
                 17.3793                      0.94526004                       125.70402
                  17.381                      0.94561241                       125.50063
                 17.3827                      0.94596143                       125.29753
                 17.3844                      0.94630711                       125.09474
                 17.3861                       0.9466495                       124.89225
                 17.3878                      0.94698861                       124.69006
                 17.3895                      0.94732448                       124.48816
                 17.3912                      0.94765714                       124.28657
                 17.3929                      0.94798661                       124.08526
                 17.3946                      0.94831293                       123.88425
                 17.3963                      0.94863612                       123.68354
                  17.398                       0.9489562                       123.48312
                 17.3997                      0.94927322                       123.28299
                 17.4014                      0.94958719                       123.08314
                 17.4031                      0.94989814                       122.88359
                 17.4048                       0.9502061                       122.68433
                 17.4065                      0.95051109                       122.48535
                 17.4082                      0.95081315                       122.28665
                 17.4099                       0.9511123                       122.08824
                 17.4116                      0.95140856                       121.89012
                 17.4133                      0.95170196                       121.69227
                  17.415                      0.95199253                       121.49471
                 17.4167                       0.9522803                       121.29742
                 17.4184                      0.95256528                       121.10042
                 17.4201                       0.9528475                       120.90369
                 17.4218                      0.95312699                       120.70723
                 17.4235                      0.95340377                       120.51106
                 17.4252                      0.95367788                       120.31515
                 17.4269                      0.95394932                       120.11952
                 17.4286                      0.95421813                       119.92416
                 17.4303                      0.95448433                       119.72907
                  17.432                      0.95474794                       119.53425
                 17.4337                      0.95500899                        119.3397
                 17.4354                       0.9552675                       119.14541
                 17.4371                       0.9555235                       118.95139
                 17.4388                        0.955777                       118.75763
                 17.4405                      0.95602803                       118.56414
                 17.4422                      0.95627661                       118.37091
                 17.4439                      0.95652277                       118.17794
                 17.4456                      0.95676653                       117.98523
                 17.4473                       0.9570079                       117.79278
                  17.449                      0.95724692                       117.60059
                 17.4507                       0.9574836                       117.40866
                 17.4524                      0.95771796                       117.21697
                 17.4541                      0.95795003                       117.02555
                 17.4558                      0.95817982                       116.83438
                 17.4575                      0.95840736                       116.64345
                 17.4592                      0.95863267                       116.45278
                 17.4609                      0.95885577                       116.26236
                 17.4626                      0.95907668                       116.07219
                 17.4643                      0.95929541                       115.88227
                  17.466                        0.959512                       115.69259
                 17.4677                      0.95972645                       115.50316
                 17.4694                       0.9599388                       115.31397
                 17.4711                      0.96014905                       115.12502
                 17.4728                      0.96035723                       114.93632
                 17.4745                      0.96056335                       114.74786
                 17.4762                      0.96076745                       114.55963
                 17.4779                      0.96096952                       114.37165
                 17.4796                       0.9611696                        114.1839
                 17.4813                       0.9613677                       113.99639
                  17.483                      0.96156384                       113.80912
                 17.4847                      0.96175804                       113.62207
                 17.4864                      0.96195031                       113.43527
                 17.4881                      0.96214067                       113.24869
                 17.4898                      0.96232915                       113.06234
                 17.4915                      0.96251576                       112.87623
                 17.4932                      0.96270051                       112.69034
                 17.4949                      0.96288342                       112.50468
                 17.4966                      0.96306451                       112.31925
                 17.4983                       0.9632438                       112.13404
                    17.5                      0.96342131                       111.94906

