                        S2(2),1(1)/abs,linear                S2(2),1(1)/arg,degrees
----------------------------------------------------------------------------------------------------------------
                    15.8                      0.77722187                       148.83262
                 15.8017                      0.78056493                       147.77771
                 15.8034                      0.78384861                       146.73143
                 15.8051                      0.78707392                       145.69363
                 15.8068                       0.7902419                       144.66414
                 15.8085                      0.79335356                       143.64283
                 15.8102                       0.7964099                       142.62955
                 15.8119                      0.79941194                       141.62416
                 15.8136                      0.80236067                        140.6265
                 15.8153                      0.80525708                       139.63646
                  15.817                      0.80810215                       138.65389
                 15.8187                      0.81089685                       137.67867
                 15.8204                      0.81364215                       136.71065
                 15.8221                        0.816339                       135.74973
                 15.8238                      0.81898832                       134.79577
                 15.8255                      0.82159106                       133.84865
                 15.8272                      0.82414812                       132.90825
                 15.8289                       0.8266604                       131.97445
                 15.8306                       0.8291288                       131.04715
                 15.8323                      0.83155418                       130.12623
                  15.834                      0.83393741                       129.21158
                 15.8357                      0.83627933                       128.30309
                 15.8374                      0.83858077                       127.40065
                 15.8391                      0.84084256                       126.50417
                 15.8408                       0.8430655                       125.61354
                 15.8425                      0.84525038                       124.72866
                 15.8442                      0.84739796                       123.84943
                 15.8459                      0.84950902                       122.97576
                 15.8476                       0.8515843                       122.10756
                 15.8493                      0.85362453                       121.24473
                  15.851                      0.85563042                       120.38719
                 15.8527                      0.85760269                       119.53483
                 15.8544                      0.85954202                       118.68759
                 15.8561                      0.86144908                       117.84537
                 15.8578                      0.86332454                        117.0081
                 15.8595                      0.86516905                       116.17568
                 15.8612                      0.86698323                       115.34804
                 15.8629                      0.86876772                        114.5251
                 15.8646                      0.87052312                       113.70679
                 15.8663                      0.87225001                       112.89303
                  15.868                        0.873949                       112.08374
                 15.8697                      0.87562064                       111.27886
                 15.8714                      0.87726549                       110.47831
                 15.8731                      0.87888409                       109.68203
                 15.8748                      0.88047699                       108.88994
                 15.8765                      0.88204469                       108.10198
                 15.8782                      0.88358772                       107.31808
                 15.8799                      0.88510656                       106.53818
                 15.8816                       0.8866017                       105.76222
                 15.8833                      0.88807363                       104.99014
                  15.885                       0.8895228                       104.22187
                 15.8867                      0.89094966                       103.45736
                 15.8884                      0.89235467                       102.69654
                 15.8901                      0.89373826                       101.93937
                 15.8918                      0.89510085                       101.18578
                 15.8935                      0.89644285                       100.43572
                 15.8952                      0.89776467                       99.689137
                 15.8969                      0.89906671                       98.945979
                 15.8986                      0.90034934                       98.206193
                 15.9003                      0.90161296                       97.469729
                  15.902                      0.90285793                       96.736538
                 15.9037                       0.9040846                        96.00657
                 15.9054                      0.90529334                       95.279778
                 15.9071                      0.90648448                       94.556115
                 15.9088                      0.90765836                       93.835535
                 15.9105                      0.90881531                       93.117994
                 15.9122                      0.90995565                       92.403446
                 15.9139                      0.91107969                       91.691849
                 15.9156                      0.91218774                        90.98316
                 15.9173                       0.9132801                       90.277338
                  15.919                      0.91435706                       89.574341
                 15.9207                       0.9154189                       88.874129
                 15.9224                      0.91646591                       88.176663
                 15.9241                      0.91749835                       87.481904
                 15.9258                       0.9185165                       86.789815
                 15.9275                      0.91952061                       86.100357
                 15.9292                      0.92051094                       85.413496
                 15.9309                      0.92148773                       84.729193
                 15.9326                      0.92245123                       84.047416
                 15.9343                      0.92340167                       83.368128
                  15.936                       0.9243393                       82.691296
                 15.9377                      0.92526432                       82.016887
                 15.9394                      0.92617697                       81.344868
                 15.9411                      0.92707746                       80.675207
                 15.9428                      0.92796601                       80.007872
                 15.9445                      0.92884281                       79.342833
                 15.9462                      0.92970808                       78.680059
                 15.9479                        0.930562                        78.01952
                 15.9496                      0.93140478                       77.361187
                 15.9513                      0.93223659                       76.705032
                  15.953                      0.93305764                       76.051026
                 15.9547                      0.93386809                       75.399141
                 15.9564                      0.93466812                        74.74935
                 15.9581                       0.9354579                       74.101627
                 15.9598                      0.93623761                       73.455944
                 15.9615                      0.93700741                       72.812277
                 15.9632                      0.93776746                         72.1706
                 15.9649                      0.93851792                       71.530887
                 15.9666                      0.93925894                       70.893116
                 15.9683                      0.93999068                        70.25726
                   15.97                      0.94071328                       69.623297
                 15.9717                      0.94142689                       68.991204
                 15.9734                      0.94213164                       68.360957
                 15.9751                      0.94282768                       67.732535
                 15.9768                      0.94351515                       67.105915
                 15.9785                      0.94419417                       66.481075
                 15.9802                      0.94486488                       65.857994
                 15.9819                       0.9455274                       65.236652
                 15.9836                      0.94618186                       64.617027
                 15.9853                      0.94682838                       63.999099
                  15.987                      0.94746708                       63.382849
                 15.9887                      0.94809807                       62.768257
                 15.9904                      0.94872148                       62.155303
                 15.9921                      0.94933741                       61.543968
                 15.9938                      0.94994597                       60.934235
                 15.9955                      0.95054727                       60.326084
                 15.9972                      0.95114142                       59.719498
                 15.9989                      0.95172851                       59.114459
                 16.0006                      0.95230866                       58.510949
                 16.0023                      0.95288196                       57.908951
                  16.004                       0.9534485                       57.308449
                 16.0057                      0.95400838                       56.709425
                 16.0074                       0.9545617                       56.111864
                 16.0091                      0.95510855                       55.515749
                 16.0108                      0.95564901                       54.921065
                 16.0125                      0.95618318                       54.327795
                 16.0142                      0.95671114                       53.735925
                 16.0159                      0.95723297                       53.145439
                 16.0176                      0.95774876                       52.556322
                 16.0193                      0.95825859                       51.968561
                  16.021                      0.95876254                        51.38214
                 16.0227                      0.95926068                       50.797045
                 16.0244                       0.9597531                       50.213262
                 16.0261                      0.96023987                       49.630778
                 16.0278                      0.96072107                       49.049579
                 16.0295                      0.96119676                       48.469651
                 16.0312                      0.96166701                       47.890982
                 16.0329                       0.9621319                       47.313558
                 16.0346                       0.9625915                       46.737367
                 16.0363                      0.96304587                       46.162396
                  16.038                      0.96349508                       45.588632
                 16.0397                       0.9639392                       45.016065
                 16.0414                      0.96437828                        44.44468
                 16.0431                      0.96481239                       43.874467
                 16.0448                      0.96524159                       43.305414
                 16.0465                      0.96566594                        42.73751
                 16.0482                      0.96608551                       42.170742
                 16.0499                      0.96650034                       41.605101
                 16.0516                       0.9669105                       41.040574
                 16.0533                      0.96731604                        40.47715
                  16.055                      0.96771702                       39.914821
                 16.0567                      0.96811349                       39.353573
                 16.0584                      0.96850551                       38.793398
                 16.0601                      0.96889313                       38.234285
                 16.0618                      0.96927639                       37.676223
                 16.0635                      0.96965536                       37.119203
                 16.0652                      0.97003007                       36.563215
                 16.0669                      0.97040059                       36.008248
                 16.0686                      0.97076695                       35.454294
                 16.0703                      0.97112921                       34.901343
                  16.072                      0.97148741                       34.349386
                 16.0737                      0.97184159                       33.798413
                 16.0754                      0.97219181                       33.248415
                 16.0771                       0.9725381                       32.699383
                 16.0788                      0.97288052                       32.151309
                 16.0805                      0.97321909                       31.604183
                 16.0822                      0.97355388                       31.057997
                 16.0839                      0.97388491                       30.512742
                 16.0856                      0.97421222                        29.96841
                 16.0873                      0.97453587                       29.424993
                  16.089                      0.97485589                       28.882482
                 16.0907                      0.97517231                       28.340868
                 16.0924                      0.97548518                       27.800145
                 16.0941                      0.97579453                       27.260305
                 16.0958                       0.9761004                       26.721338
                 16.0975                      0.97640283                       26.183238
                 16.0992                      0.97670185                       25.645997
                 16.1009                      0.97699751                       25.109607
                 16.1026                      0.97728982                       24.574061
                 16.1043                      0.97757884                       24.039352
                  16.106                      0.97786459                       23.505471
                 16.1077                      0.97814711                       22.972413
                 16.1094                      0.97842642                       22.440169
                 16.1111                      0.97870257                       21.908733
                 16.1128                      0.97897558                       21.378098
                 16.1145                      0.97924549                       20.848256
                 16.1162                      0.97951233                       20.319202
                 16.1179                      0.97977612                       19.790928
                 16.1196                      0.98003691                       19.263427
                 16.1213                      0.98029471                       18.736694
                  16.123                      0.98054956                        18.21072
                 16.1247                      0.98080149                       17.685501
                 16.1264                      0.98105052                       17.161029
                 16.1281                      0.98129668                       16.637299
                 16.1298                      0.98154001                       16.114303
                 16.1315                      0.98178052                       15.592037
                 16.1332                      0.98201826                       15.070493
                 16.1349                      0.98225323                       14.549665
                 16.1366                      0.98248547                       14.029548
                 16.1383                      0.98271501                       13.510135
                   16.14                      0.98294187                       12.991422
                 16.1417                      0.98316608                       12.473401
                 16.1434                      0.98338765                       11.956067
                 16.1451                      0.98360662                       11.439414
                 16.1468                      0.98382302                       10.923437
                 16.1485                      0.98403685                        10.40813
                 16.1502                      0.98424815                       9.8934876
                 16.1519                      0.98445694                        9.379504
                 16.1536                      0.98466325                       8.8661739
                 16.1553                      0.98486709                       8.3534919
                  16.157                      0.98506849                       7.8414526
                 16.1587                      0.98526747                       7.3300506
                 16.1604                      0.98546405                       6.8192807
                 16.1621                      0.98565826                       6.3091377
                 16.1638                      0.98585011                       5.7996164
                 16.1655                      0.98603962                       5.2907116
                 16.1672                      0.98622682                       4.7824182
                 16.1689                      0.98641173                       4.2747313
                 16.1706                      0.98659437                       3.7676457
                 16.1723                      0.98677475                       3.2611565
                  16.174                       0.9869529                       2.7552588
                 16.1757                      0.98712883                       2.2499477
                 16.1774                      0.98730257                       1.7452184
                 16.1791                      0.98747413                       1.2410659
                 16.1808                      0.98764353                      0.73748561
                 16.1825                      0.98781079                      0.23447271
                 16.1842                      0.98797593                       359.73202
                 16.1859                      0.98813896                       359.23013
                 16.1876                      0.98829991                       358.72879
                 16.1893                      0.98845878                         358.228
                  16.191                      0.98861561                       357.72776
                 16.1927                       0.9887704                       357.22805
                 16.1944                      0.98892316                       356.72888
                 16.1961                      0.98907393                       356.23024
                 16.1978                      0.98922271                       355.73212
                 16.1995                      0.98936951                       355.23453
                 16.2012                      0.98951436                       354.73746
                 16.2029                      0.98965727                        354.2409
                 16.2046                      0.98979826                       353.74484
                 16.2063                      0.98993734                        353.2493
                  16.208                      0.99007451                       352.75425
                 16.2097                      0.99020981                        352.2597
                 16.2114                      0.99034325                       351.76564
                 16.2131                      0.99047483                       351.27206
                 16.2148                      0.99060457                       350.77897
                 16.2165                      0.99073248                       350.28636
                 16.2182                      0.99085859                       349.79423
                 16.2199                      0.99098289                       349.30257
                 16.2216                      0.99110541                       348.81137
                 16.2233                      0.99122616                       348.32063
                  16.225                      0.99134515                       347.83036
                 16.2267                      0.99146239                       347.34054
                 16.2284                      0.99157789                       346.85117
                 16.2301                      0.99169168                       346.36225
                 16.2318                      0.99180375                       345.87377
                 16.2335                      0.99191412                       345.38573
                 16.2352                       0.9920228                       344.89813
                 16.2369                       0.9921298                       344.41095
                 16.2386                      0.99223514                       343.92421
                 16.2403                      0.99233882                       343.43789
                  16.242                      0.99244086                       342.95198
                 16.2437                      0.99254126                        342.4665
                 16.2454                      0.99264004                       341.98142
                 16.2471                       0.9927372                       341.49676
                 16.2488                      0.99283276                        341.0125
                 16.2505                      0.99292672                       340.52864
                 16.2522                       0.9930191                       340.04518
                 16.2539                       0.9931099                       339.56211
                 16.2556                      0.99319913                       339.07943
                 16.2573                       0.9932868                       338.59714
                  16.259                      0.99337292                       338.11523
                 16.2607                       0.9934575                        337.6337
                 16.2624                      0.99354055                       337.15254
                 16.2641                      0.99362207                       336.67176
                 16.2658                      0.99370207                       336.19134
                 16.2675                      0.99378056                       335.71129
                 16.2692                      0.99385754                        335.2316
                 16.2709                      0.99393303                       334.75227
                 16.2726                      0.99400704                       334.27329
                 16.2743                      0.99407955                       333.79466
                  16.276                       0.9941506                       333.31638
                 16.2777                      0.99422017                       332.83844
                 16.2794                      0.99428828                       332.36084
                 16.2811                      0.99435493                       331.88358
                 16.2828                      0.99442013                       331.40665
                 16.2845                      0.99448388                       330.93005
                 16.2862                       0.9945462                       330.45378
                 16.2879                      0.99460707                       329.97783
                 16.2896                      0.99466652                       329.50219
                 16.2913                      0.99472454                       329.02688
                  16.293                      0.99478114                       328.55187
                 16.2947                      0.99483632                       328.07718
                 16.2964                      0.99489008                       327.60279
                 16.2981                      0.99494244                        327.1287
                 16.2998                      0.99499339                       326.65491
                 16.3015                      0.99504294                       326.18142
                 16.3032                      0.99509109                       325.70822
                 16.3049                      0.99513784                       325.23531
                 16.3066                       0.9951832                       324.76268
                 16.3083                      0.99522717                       324.29033
                   16.31                      0.99526975                       323.81827
                 16.3117                      0.99531095                       323.34648
                 16.3134                      0.99535076                       322.87496
                 16.3151                      0.99538918                       322.40371
                 16.3168                      0.99542623                       321.93272
                 16.3185                       0.9954619                         321.462
                 16.3202                      0.99549618                       320.99154
                 16.3219                      0.99552909                       320.52133
                 16.3236                      0.99556063                       320.05137
                 16.3253                      0.99559078                       319.58167
                  16.327                      0.99561956                       319.11221
                 16.3287                      0.99564696                       318.64299
                 16.3304                      0.99567299                       318.17401
                 16.3321                      0.99569764                       317.70527
                 16.3338                       0.9957209                       317.23676
                 16.3355                      0.99574279                       316.76849
                 16.3372                       0.9957633                       316.30043
                 16.3389                      0.99578243                       315.83261
                 16.3406                      0.99580017                         315.365
                 16.3423                      0.99581653                       314.89761
                  16.344                       0.9958315                       314.43043
                 16.3457                      0.99584508                       313.96347
                 16.3474                      0.99585727                       313.49671
                 16.3491                      0.99586806                       313.03015
                 16.3508                      0.99587745                        312.5638
                 16.3525                      0.99588544                       312.09765
                 16.3542                      0.99589202                       311.63169
                 16.3559                       0.9958972                       311.16592
                 16.3576                      0.99590096                       310.70034
                 16.3593                       0.9959033                       310.23495
                  16.361                      0.99590422                       309.76974
                 16.3627                      0.99590371                       309.30471
                 16.3644                      0.99590176                       308.83985
                 16.3661                      0.99589838                       308.37517
                 16.3678                      0.99589356                       307.91066
                 16.3695                      0.99588728                       307.44631
                 16.3712                      0.99587955                       306.98213
                 16.3729                      0.99587036                       306.51811
                 16.3746                       0.9958597                       306.05425
                 16.3763                      0.99584756                       305.59054
                  16.378                      0.99583394                       305.12699
                 16.3797                      0.99581882                       304.66358
                 16.3814                      0.99580221                       304.20032
                 16.3831                      0.99578409                        303.7372
                 16.3848                      0.99576446                       303.27421
                 16.3865                       0.9957433                       302.81137
                 16.3882                      0.99572061                       302.34866
                 16.3899                      0.99569638                       301.88608
                 16.3916                      0.99567059                       301.42362
                 16.3933                      0.99564325                       300.96129
                  16.395                      0.99561434                       300.49908
                 16.3967                      0.99558384                       300.03699
                 16.3984                      0.99555175                       299.57501
                 16.4001                      0.99551806                       299.11315
                 16.4018                      0.99548276                       298.65139
                 16.4035                      0.99544583                       298.18974
                 16.4052                      0.99540726                        297.7282
                 16.4069                      0.99536705                       297.26675
                 16.4086                      0.99532517                        296.8054
                 16.4103                      0.99528162                       296.34414
                  16.412                      0.99523639                       295.88298
                 16.4137                      0.99518945                        295.4219
                 16.4154                       0.9951408                       294.96091
                 16.4171                      0.99509043                           294.5
                 16.4188                      0.99503831                       294.03917
                 16.4205                      0.99498444                       293.57841
                 16.4222                      0.99492879                       293.11773
                 16.4239                      0.99487137                       292.65712
                 16.4256                      0.99481214                       292.19658
                 16.4273                      0.99475109                        291.7361
                  16.429                      0.99468821                       291.27568
                 16.4307                      0.99462348                       290.81532
                 16.4324                      0.99455689                       290.35501
                 16.4341                      0.99448842                       289.89476
                 16.4358                      0.99441804                       289.43456
                 16.4375                      0.99434575                        288.9744
                 16.4392                      0.99427153                       288.51429
                 16.4409                      0.99419535                       288.05422
                 16.4426                       0.9941172                       287.59419
                 16.4443                      0.99403706                       287.13419
                  16.446                       0.9939549                       286.67423
                 16.4477                      0.99387072                       286.21429
                 16.4494                       0.9937845                       285.75438
                 16.4511                       0.9936962                        285.2945
                 16.4528                      0.99360581                       284.83463
                 16.4545                      0.99351331                       284.37479
                 16.4562                      0.99341868                       283.91496
                 16.4579                       0.9933219                       283.45514
                 16.4596                      0.99322294                       282.99533
                 16.4613                      0.99312179                       282.53552
                  16.463                      0.99301841                       282.07573
                 16.4647                      0.99291279                       281.61593
                 16.4664                      0.99280491                       281.15613
                 16.4681                      0.99269474                       280.69632
                 16.4698                      0.99258225                       280.23651
                 16.4715                      0.99246742                       279.77669
                 16.4732                      0.99235024                       279.31686
                 16.4749                      0.99223066                       278.85701
                 16.4766                      0.99210868                       278.39714
                 16.4783                      0.99198425                       277.93725
                   16.48                      0.99185737                       277.47734
                 16.4817                      0.99172799                        277.0174
                 16.4834                      0.99159609                       276.55743
                 16.4851                      0.99146165                       276.09743
                 16.4868                      0.99132464                       275.63739
                 16.4885                      0.99118503                       275.17732
                 16.4902                      0.99104279                        274.7172
                 16.4919                      0.99089789                       274.25705
                 16.4936                      0.99075031                       273.79684
                 16.4953                      0.99060002                       273.33659
                  16.497                      0.99044698                       272.87629
                 16.4987                      0.99029117                       272.41594
                 16.5004                      0.99013256                       271.95553
                 16.5021                      0.98997111                       271.49506
                 16.5038                       0.9898068                       271.03453
                 16.5055                      0.98963959                       270.57393
                 16.5072                      0.98946945                       270.11327
                 16.5089                      0.98929635                       269.65254
                 16.5106                      0.98912026                       269.19174
                 16.5123                      0.98894114                       268.73087
                  16.514                      0.98875896                       268.26991
                 16.5157                       0.9885737                       267.80888
                 16.5174                       0.9883853                       267.34777
                 16.5191                      0.98819375                       266.88657
                 16.5208                        0.987999                       266.42528
                 16.5225                      0.98780102                       265.96391
                 16.5242                      0.98759977                       265.50244
                 16.5259                      0.98739523                       265.04088
                 16.5276                      0.98718735                       264.57923
                 16.5293                      0.98697609                       264.11747
                  16.531                      0.98676143                       263.65561
                 16.5327                      0.98654332                       263.19365
                 16.5344                      0.98632172                       262.73159
                 16.5361                       0.9860966                       262.26941
                 16.5378                      0.98586793                       261.80712
                 16.5395                      0.98563565                       261.34472
                 16.5412                      0.98539974                       260.88221
                 16.5429                      0.98516015                       260.41957
                 16.5446                      0.98491684                       259.95682
                 16.5463                      0.98466978                       259.49394
                  16.548                      0.98441892                       259.03094
                 16.5497                      0.98416423                       258.56781
                 16.5514                      0.98390566                       258.10455
                 16.5531                      0.98364317                       257.64116
                 16.5548                      0.98337672                       257.17764
                 16.5565                      0.98310626                       256.71398
                 16.5582                      0.98283177                       256.25019
                 16.5599                      0.98255318                       255.78625
                 16.5616                      0.98227047                       255.32217
                 16.5633                      0.98198358                       254.85795
                  16.565                      0.98169247                       254.39358
                 16.5667                      0.98139711                       253.92906
                 16.5684                      0.98109744                       253.46439
                 16.5701                      0.98079342                       252.99957
                 16.5718                      0.98048501                       252.53459
                 16.5735                      0.98017216                       252.06946
                 16.5752                      0.97985482                       251.60417
                 16.5769                      0.97953296                       251.13872
                 16.5786                      0.97920652                        250.6731
                 16.5803                      0.97887545                       250.20732
                  16.582                      0.97853972                       249.74138
                 16.5837                      0.97819927                       249.27527
                 16.5854                      0.97785406                       248.80899
                 16.5871                      0.97750403                       248.34253
                 16.5888                      0.97714915                       247.87591
                 16.5905                      0.97678936                        247.4091
                 16.5922                      0.97642462                       246.94213
                 16.5939                      0.97605488                       246.47497
                 16.5956                      0.97568008                       246.00763
                 16.5973                      0.97530018                       245.54011
                  16.599                      0.97491513                       245.07241
                 16.6007                      0.97452488                       244.60452
                 16.6024                      0.97412939                       244.13645
                 16.6041                      0.97372859                       243.66818
                 16.6058                      0.97332244                       243.19973
                 16.6075                       0.9729109                       242.73109
                 16.6092                       0.9724939                       242.26225
                 16.6109                       0.9720714                       241.79322
                 16.6126                      0.97164334                         241.324
                 16.6143                      0.97120969                       240.85457
                  16.616                      0.97077038                       240.38495
                 16.6177                      0.97032536                       239.91513
                 16.6194                      0.96987458                       239.44511
                 16.6211                      0.96941799                       238.97489
                 16.6228                      0.96895554                       238.50446
                 16.6245                      0.96848717                       238.03383
                 16.6262                      0.96801283                       237.56299
                 16.6279                      0.96753248                       237.09195
                 16.6296                      0.96704605                        236.6207
                 16.6313                      0.96655349                       236.14924
                  16.633                      0.96605475                       235.67756
                 16.6347                      0.96554979                       235.20568
                 16.6364                      0.96503853                       234.73359
                 16.6381                      0.96452094                       234.26128
                 16.6398                      0.96399695                       233.78876
                 16.6415                      0.96346652                       233.31603
                 16.6432                      0.96292959                       232.84307
                 16.6449                      0.96238611                       232.36991
                 16.6466                      0.96183602                       231.89652
                 16.6483                      0.96127927                       231.42292
                   16.65                      0.96071581                        230.9491
                 16.6517                      0.96014558                       230.47506
                 16.6534                      0.95956853                        230.0008
                 16.6551                       0.9589846                       229.52632
                 16.6568                      0.95839375                       229.05162
                 16.6585                      0.95779591                        228.5767
                 16.6602                      0.95719103                       228.10155
                 16.6619                      0.95657907                       227.62618
                 16.6636                      0.95595996                        227.1506
                 16.6653                      0.95533366                       226.67478
                  16.667                       0.9547001                       226.19875
                 16.6687                      0.95405924                       225.72249
                 16.6704                      0.95341103                       225.24601
                 16.6721                       0.9527554                        224.7693
                 16.6738                      0.95209231                       224.29237
                 16.6755                       0.9514217                       223.81522
                 16.6772                      0.95074353                       223.33784
                 16.6789                      0.95005773                       222.86023
                 16.6806                      0.94936426                       222.38241
                 16.6823                      0.94866306                       221.90435
                  16.684                      0.94795408                       221.42608
                 16.6857                      0.94723728                       220.94758
                 16.6874                      0.94651259                       220.46886
                 16.6891                      0.94577996                       219.98991
                 16.6908                      0.94503936                       219.51074
                 16.6925                      0.94429071                       219.03135
                 16.6942                      0.94353398                       218.55174
                 16.6959                      0.94276911                        218.0719
                 16.6976                      0.94199606                       217.59184
                 16.6993                      0.94121477                       217.11157
                  16.701                      0.94042519                       216.63107
                 16.7027                      0.93962728                       216.15035
                 16.7044                      0.93882098                       215.66941
                 16.7061                      0.93800625                       215.18826
                 16.7078                      0.93718305                       214.70688
                 16.7095                      0.93635131                       214.22529
                 16.7112                      0.93551099                       213.74349
                 16.7129                      0.93466206                       213.26147
                 16.7146                      0.93380445                       212.77924
                 16.7163                      0.93293814                       212.29679
                  16.718                      0.93206306                       211.81413
                 16.7197                      0.93117917                       211.33126
                 16.7214                      0.93028644                       210.84818
                 16.7231                      0.92938481                       210.36489
                 16.7248                      0.92847425                        209.8814
                 16.7265                      0.92755471                        209.3977
                 16.7282                      0.92662614                       208.91379
                 16.7299                      0.92568851                       208.42968
                 16.7316                      0.92474178                       207.94537
                 16.7333                       0.9237859                       207.46086
                  16.735                      0.92282083                       206.97615
                 16.7367                      0.92184654                       206.49125
                 16.7384                      0.92086299                       206.00614
                 16.7401                      0.91987013                       205.52085
                 16.7418                      0.91886794                       205.03536
                 16.7435                      0.91785637                       204.54968
                 16.7452                      0.91683538                       204.06382
                 16.7469                      0.91580495                       203.57777
                 16.7486                      0.91476504                       203.09153
                 16.7503                      0.91371562                       202.60511
                  16.752                      0.91265664                       202.11851
                 16.7537                      0.91158809                       201.63174
                 16.7554                      0.91050992                       201.14478
                 16.7571                      0.90942211                       200.65766
                 16.7588                      0.90832463                       200.17036
                 16.7605                      0.90721745                       199.68289
                 16.7622                      0.90610054                       199.19526
                 16.7639                      0.90497387                       198.70746
                 16.7656                      0.90383742                        198.2195
                 16.7673                      0.90269116                       197.73138
                  16.769                      0.90153507                        197.2431
                 16.7707                      0.90036912                       196.75467
                 16.7724                       0.8991933                       196.26609
                 16.7741                      0.89800757                       195.77736
                 16.7758                      0.89681192                       195.28848
                 16.7775                      0.89560633                       194.79946
                 16.7792                      0.89439078                        194.3103
                 16.7809                      0.89316525                         193.821
                 16.7826                      0.89192973                       193.33157
                 16.7843                       0.8906842                       192.84201
                  16.786                      0.88942864                       192.35231
                 16.7877                      0.88816304                        191.8625
                 16.7894                       0.8868874                       191.37256
                 16.7911                      0.88560169                        190.8825
                 16.7928                       0.8843059                       190.39233
                 16.7945                      0.88300004                       189.90204
                 16.7962                      0.88168408                       189.41165
                 16.7979                      0.88035803                       188.92115
                 16.7996                      0.87902187                       188.43055
                 16.8013                       0.8776756                       187.93985
                  16.803                      0.87631923                       187.44906
                 16.8047                      0.87495273                       186.95817
                 16.8064                      0.87357613                        186.4672
                 16.8081                       0.8721894                       185.97614
                 16.8098                      0.87079257                         185.485
                 16.8115                      0.86938562                       184.99379
                 16.8132                      0.86796856                       184.50251
                 16.8149                      0.86654139                       184.01115
                 16.8166                      0.86510413                       183.51974
                 16.8183                      0.86365678                       183.02826
                   16.82                      0.86219934                       182.53672
                 16.8217                      0.86073183                       182.04513
                 16.8234                      0.85925426                        181.5535
                 16.8251                      0.85776664                       181.06182
                 16.8268                      0.85626898                       180.57009
                 16.8285                      0.85476131                       180.07834
                 16.8302                      0.85324362                       179.58655
                 16.8319                      0.85171595                       179.09473
                 16.8336                       0.8501783                       178.60289
                 16.8353                      0.84863071                       178.11104
                  16.837                      0.84707318                       177.61916
                 16.8387                      0.84550575                       177.12728
                 16.8404                      0.84392844                        176.6354
                 16.8421                      0.84234127                       176.14351
                 16.8438                      0.84074426                       175.65162
                 16.8455                      0.83913745                       175.15975
                 16.8472                      0.83752087                       174.66788
                 16.8489                      0.83589454                       174.17604
                 16.8506                       0.8342585                       173.68422
                 16.8523                      0.83261277                       173.19242
                  16.854                       0.8309574                       172.70066
                 16.8557                      0.82929241                       172.20893
                 16.8574                      0.82761785                       171.71724
                 16.8591                      0.82593376                        171.2256
                 16.8608                      0.82424016                       170.73401
                 16.8625                      0.82253711                       170.24248
                 16.8642                      0.82082464                       169.75101
                 16.8659                       0.8191028                        169.2596
                 16.8676                      0.81737163                       168.76827
                 16.8693                      0.81563118                       168.27701
                  16.871                       0.8138815                       167.78583
                 16.8727                      0.81212262                       167.29474
                 16.8744                      0.81035461                       166.80374
                 16.8761                      0.80857751                       166.31283
                 16.8778                      0.80679137                       165.82203
                 16.8795                      0.80499625                       165.33133
                 16.8812                      0.80319221                       164.84075
                 16.8829                      0.80137929                       164.35028
                 16.8846                      0.79955755                       163.85993
                 16.8863                      0.79772706                       163.36971
                  16.888                      0.79588787                       162.87962
                 16.8897                      0.79404004                       162.38967
                 16.8914                      0.79218364                       161.89986
                 16.8931                      0.79031872                        161.4102
                 16.8948                      0.78844535                        160.9207
                 16.8965                      0.78656359                       160.43135
                 16.8982                      0.78467352                       159.94217
                 16.8999                      0.78277519                       159.45315
                 16.9016                      0.78086868                       158.96431
                 16.9033                      0.77895406                       158.47565
                  16.905                      0.77703139                       157.98718
                 16.9067                      0.77510075                       157.49889
                 16.9084                      0.77316221                       157.01081
                 16.9101                      0.77121585                       156.52292
                 16.9118                      0.76926173                       156.03524
                 16.9135                      0.76729994                       155.54777
                 16.9152                      0.76533055                       155.06052
                 16.9169                      0.76335364                       154.57349
                 16.9186                      0.76136929                        154.0867
                 16.9203                      0.75937757                       153.60013
                  16.922                      0.75737857                        153.1138
                 16.9237                      0.75537237                       152.62772
                 16.9254                      0.75335905                       152.14189
                 16.9271                       0.7513387                       151.65631
                 16.9288                      0.74931139                       151.17099
                 16.9305                      0.74727721                       150.68594
                 16.9322                      0.74523626                       150.20116
                 16.9339                      0.74318861                       149.71666
                 16.9356                      0.74113435                       149.23244
                 16.9373                      0.73907357                        148.7485
                  16.939                      0.73700636                       148.26486
                 16.9407                      0.73493281                       147.78151
                 16.9424                        0.732853                       147.29847
                 16.9441                      0.73076704                       146.81574
                 16.9458                      0.72867501                       146.33332
                 16.9475                        0.726577                       145.85122
                 16.9492                      0.72447311                       145.36944
                 16.9509                      0.72236342                       144.88799
                 16.9526                      0.72024804                       144.40688
                 16.9543                      0.71812706                       143.92611
                  16.956                      0.71600057                       143.44568
                 16.9577                      0.71386867                        142.9656
                 16.9594                      0.71173145                       142.48588
                 16.9611                      0.70958902                       142.00652
                 16.9628                      0.70744146                       141.52752
                 16.9645                      0.70528888                        141.0489
                 16.9662                      0.70313137                       140.57065
                 16.9679                      0.70096904                       140.09278
                 16.9696                      0.69880197                        139.6153
                 16.9713                      0.69663028                       139.13821
                  16.973                      0.69445406                       138.66151
                 16.9747                       0.6922734                       138.18522
                 16.9764                      0.69008842                       137.70933
                 16.9781                      0.68789921                       137.23385
                 16.9798                      0.68570586                       136.75879
                 16.9815                      0.68350849                       136.28415
                 16.9832                      0.68130719                       135.80993
                 16.9849                      0.67910206                       135.33615
                 16.9866                      0.67689321                       134.86279
                 16.9883                      0.67468073                       134.38988
                   16.99                      0.67246473                       133.91742
                 16.9917                      0.67024531                        133.4454
                 16.9934                      0.66802257                       132.97384
                 16.9951                      0.66579662                       132.50273
                 16.9968                      0.66356755                       132.03209
                 16.9985                      0.66133547                       131.56192
                 17.0002                      0.65910048                       131.09222
                 17.0019                      0.65686268                       130.62299
                 17.0036                      0.65462217                       130.15425
                 17.0053                      0.65237906                       129.68599
                  17.007                      0.65013344                       129.21823
                 17.0087                      0.64788543                       128.75095
                 17.0104                      0.64563511                       128.28418
                 17.0121                       0.6433826                       127.81791
                 17.0138                      0.64112799                       127.35215
                 17.0155                      0.63887138                        126.8869
                 17.0172                      0.63661288                       126.42217
                 17.0189                      0.63435259                       125.95795
                 17.0206                       0.6320906                       125.49426
                 17.0223                      0.62982702                        125.0311
                  17.024                      0.62756195                       124.56848
                 17.0257                      0.62529548                       124.10639
                 17.0274                      0.62302772                       123.64484
                 17.0291                      0.62075876                       123.18383
                 17.0308                      0.61848872                       122.72338
                 17.0325                      0.61621767                       122.26347
                 17.0342                      0.61394572                       121.80413
                 17.0359                      0.61167298                       121.34534
                 17.0376                      0.60939953                       120.88712
                 17.0393                      0.60712547                       120.42946
                  17.041                      0.60485091                       119.97238
                 17.0427                      0.60257593                       119.51587
                 17.0444                      0.60030063                       119.05994
                 17.0461                      0.59802511                       118.60459
                 17.0478                      0.59574946                       118.14983
                 17.0495                      0.59347378                       117.69566
                 17.0512                      0.59119816                       117.24208
                 17.0529                       0.5889227                        116.7891
                 17.0546                      0.58664748                       116.33672
                 17.0563                      0.58437259                       115.88494
                  17.058                      0.58209814                       115.43377
                 17.0597                      0.57982421                       114.98321
                 17.0614                      0.57755089                       114.53326
                 17.0631                      0.57527828                       114.08393
                 17.0648                      0.57300645                       113.63522
                 17.0665                       0.5707355                       113.18713
                 17.0682                      0.56846553                       112.73967
                 17.0699                       0.5661966                       112.29283
                 17.0716                      0.56392882                       111.84663
                 17.0733                      0.56166227                       111.40106
                  17.075                      0.55939704                       110.95613
                 17.0767                       0.5571332                       110.51184
                 17.0784                      0.55487084                        110.0682
                 17.0801                      0.55261006                        109.6252
                 17.0818                      0.55035092                       109.18285
                 17.0835                      0.54809351                       108.74115
                 17.0852                      0.54583792                       108.30011
                 17.0869                      0.54358422                       107.85972
                 17.0886                       0.5413325                          107.42
                 17.0903                      0.53908282                       106.98093
                  17.092                      0.53683529                       106.54254
                 17.0937                      0.53458995                       106.10481
                 17.0954                      0.53234691                       105.66775
                 17.0971                      0.53010623                       105.23136
                 17.0988                      0.52786799                       104.79565
                 17.1005                      0.52563226                       104.36062
                 17.1022                      0.52339912                       103.92627
                 17.1039                      0.52116864                       103.49259
                 17.1056                      0.51894089                       103.05961
                 17.1073                      0.51671595                       102.62731
                  17.109                      0.51449388                        102.1957
                 17.1107                      0.51227476                       101.76478
                 17.1124                      0.51005865                       101.33456
                 17.1141                      0.50784563                       100.90503
                 17.1158                      0.50563576                       100.47619
                 17.1175                      0.50342911                       100.04806
                 17.1192                      0.50122574                        99.62063
                 17.1209                      0.49902572                       99.193903
                 17.1226                      0.49682912                       98.767881
                 17.1243                      0.49463599                       98.342568
                  17.126                      0.49244641                       97.917963
                 17.1277                      0.49026043                        97.49407
                 17.1294                      0.48807811                        97.07089
                 17.1311                      0.48589952                       96.648425
                 17.1328                      0.48372472                       96.226677
                 17.1345                      0.48155376                       95.805647
                 17.1362                       0.4793867                       95.385338
                 17.1379                       0.4772236                        94.96575
                 17.1396                      0.47506452                       94.546886
                 17.1413                      0.47290951                       94.128746
                  17.143                      0.47075863                       93.711334
                 17.1447                      0.46861192                       93.294649
                 17.1464                      0.46646945                       92.878694
                 17.1481                      0.46433127                       92.463471
                 17.1498                      0.46219743                        92.04898
                 17.1515                      0.46006797                       91.635224
                 17.1532                      0.45794296                       91.222203
                 17.1549                      0.45582243                       90.809919
                 17.1566                      0.45370644                       90.398373
                 17.1583                      0.45159504                       89.987567
                   17.16                      0.44948826                       89.577503
                 17.1617                      0.44738617                        89.16818
                 17.1634                       0.4452888                       88.759601
                 17.1651                      0.44319619                       88.351767
                 17.1668                       0.4411084                       87.944679
                 17.1685                      0.43902547                       87.538338
                 17.1702                      0.43694743                       87.132745
                 17.1719                      0.43487432                       86.727902
                 17.1736                       0.4328062                        86.32381
                 17.1753                       0.4307431                        85.92047
                  17.177                      0.42868506                       85.517882
                 17.1787                      0.42663211                       85.116049
                 17.1804                       0.4245843                        84.71497
                 17.1821                      0.42254166                       84.314647
                 17.1838                      0.42050423                       83.915082
                 17.1855                      0.41847204                       83.516274
                 17.1872                      0.41644513                       83.118225
                 17.1889                      0.41442354                       82.720937
                 17.1906                      0.41240729                       82.324409
                 17.1923                      0.41039642                       81.928642
                  17.194                      0.40839096                       81.533639
                 17.1957                      0.40639094                       81.139399
                 17.1974                       0.4043964                       80.745923
                 17.1991                      0.40240735                       80.353212
                 17.2008                      0.40042384                       79.961268
                 17.2025                      0.39844589                        79.57009
                 17.2042                      0.39647353                        79.17968
                 17.2059                      0.39450678                       78.790038
                 17.2076                      0.39254567                       78.401165
                 17.2093                      0.39059023                       78.013062
                  17.211                      0.38864049                        77.62573
                 17.2127                      0.38669646                       77.239169
                 17.2144                      0.38475817                        76.85338
                 17.2161                      0.38282564                       76.468364
                 17.2178                       0.3808989                       76.084122
                 17.2195                      0.37897797                       75.700653
                 17.2212                      0.37706287                       75.317959
                 17.2229                      0.37515362                        74.93604
                 17.2246                      0.37325024                       74.554898
                 17.2263                      0.37135275                       74.174532
                  17.228                      0.36946117                       73.794943
                 17.2297                      0.36757552                       73.416132
                 17.2314                      0.36569581                       73.038099
                 17.2331                      0.36382207                       72.660846
                 17.2348                       0.3619543                       72.284372
                 17.2365                      0.36009253                       71.908678
                 17.2382                      0.35823676                       71.533765
                 17.2399                      0.35638703                       71.159633
                 17.2416                      0.35454333                       70.786283
                 17.2433                      0.35270568                       70.413715
                  17.245                       0.3508741                        70.04193
                 17.2467                       0.3490486                       69.670928
                 17.2484                      0.34722919                        69.30071
                 17.2501                      0.34541588                       68.931276
                 17.2518                      0.34360869                       68.562628
                 17.2535                      0.34180762                       68.194764
                 17.2552                      0.34001268                       67.827687
                 17.2569                      0.33822389                       67.461396
                 17.2586                      0.33644125                       67.095891
                 17.2603                      0.33466477                       66.731174
                  17.262                      0.33289446                       66.367245
                 17.2637                      0.33113033                       66.004104
                 17.2654                      0.32937238                       65.641752
                 17.2671                      0.32762062                       65.280189
                 17.2688                      0.32587506                       64.919415
                 17.2705                      0.32413571                       64.559432
                 17.2722                      0.32240256                       64.200239
                 17.2739                      0.32067562                       63.841837
                 17.2756                      0.31895491                       63.484227
                 17.2773                      0.31724041                       63.127408
                  17.279                      0.31553214                       62.771382
                 17.2807                       0.3138301                       62.416149
                 17.2824                      0.31213429                        62.06171
                 17.2841                      0.31044471                       61.708064
                 17.2858                      0.30876137                       61.355212
                 17.2875                      0.30708427                       61.003155
                 17.2892                       0.3054134                       60.651893
                 17.2909                      0.30374877                       60.301427
                 17.2926                      0.30209039                       59.951757
                 17.2943                      0.30043824                       59.602884
                  17.296                      0.29879233                       59.254808
                 17.2977                      0.29715266                       58.907529
                 17.2994                      0.29551923                       58.561048
                 17.3011                      0.29389203                       58.215366
                 17.3028                      0.29227107                       57.870483
                 17.3045                      0.29065634                         57.5264
                 17.3062                      0.28904783                       57.183116
                 17.3079                      0.28744556                       56.840633
                 17.3096                      0.28584951                       56.498952
                 17.3113                      0.28425968                       56.158071
                  17.313                      0.28267607                       55.817993
                 17.3147                      0.28109867                       55.478718
                 17.3164                      0.27952747                       55.140246
                 17.3181                      0.27796248                       54.802577
                 17.3198                      0.27640369                       54.465713
                 17.3215                       0.2748511                       54.129654
                 17.3232                      0.27330469                         53.7944
                 17.3249                      0.27176446                       53.459953
                 17.3266                      0.27023041                       53.126312
                 17.3283                      0.26870252                       52.793478
                   17.33                       0.2671808                       52.461452
                 17.3317                      0.26566524                       52.130235
                 17.3334                      0.26415583                       51.799826
                 17.3351                      0.26265255                       51.470228
                 17.3368                      0.26115541                        51.14144
                 17.3385                       0.2596644                       50.813463
                 17.3402                       0.2581795                       50.486297
                 17.3419                      0.25670071                       50.159945
                 17.3436                      0.25522802                       49.834405
                 17.3453                      0.25376143                       49.509679
                  17.347                      0.25230091                       49.185768
                 17.3487                      0.25084647                       48.862672
                 17.3504                      0.24939809                       48.540393
                 17.3521                      0.24795577                        48.21893
                 17.3538                      0.24651949                       47.898285
                 17.3555                      0.24508925                       47.578459
                 17.3572                      0.24366502                       47.259452
                 17.3589                      0.24224681                       46.941264
                 17.3606                      0.24083461                       46.623898
                 17.3623                      0.23942839                       46.307354
                  17.364                      0.23802815                       45.991633
                 17.3657                      0.23663389                       45.676735
                 17.3674                      0.23524558                       45.362662
                 17.3691                      0.23386321                       45.049414
                 17.3708                      0.23248678                       44.736993
                 17.3725                      0.23111627                       44.425399
                 17.3742                      0.22975167                       44.114633
                 17.3759                      0.22839297                       43.804697
                 17.3776                      0.22704015                       43.495592
                 17.3793                       0.2256932                       43.187318
                  17.381                      0.22435212                       42.879876
                 17.3827                      0.22301688                       42.573268
                 17.3844                      0.22168747                       42.267495
                 17.3861                      0.22036388                       41.962558
                 17.3878                       0.2190461                       41.658458
                 17.3895                      0.21773412                       41.355196
                 17.3912                      0.21642791                       41.052774
                 17.3929                      0.21512747                       40.751193
                 17.3946                      0.21383278                       40.450453
                 17.3963                      0.21254383                       40.150556
                  17.398                       0.2112606                       39.851505
                 17.3997                      0.20998309                       39.553299
                 17.4014                      0.20871127                        39.25594
                 17.4031                      0.20744513                       38.959429
                 17.4048                      0.20618466                       38.663769
                 17.4065                      0.20492983                        38.36896
                 17.4082                      0.20368065                       38.075004
                 17.4099                      0.20243709                       37.781902
                 17.4116                      0.20119914                       37.489657
                 17.4133                      0.19996678                       37.198268
                  17.415                      0.19873999                       36.907739
                 17.4167                      0.19751877                        36.61807
                 17.4184                       0.1963031                       36.329263
                 17.4201                      0.19509295                       36.041321
                 17.4218                      0.19388833                       35.754243
                 17.4235                       0.1926892                       35.468034
                 17.4252                      0.19149556                       35.182693
                 17.4269                      0.19030739                       34.898223
                 17.4286                      0.18912467                       34.614626
                 17.4303                      0.18794739                       34.331903
                  17.432                      0.18677553                       34.050057
                 17.4337                      0.18560908                       33.769089
                 17.4354                      0.18444802                       33.489001
                 17.4371                      0.18329233                       33.209796
                 17.4388                        0.182142                       32.931475
                 17.4405                      0.18099702                        32.65404
                 17.4422                      0.17985735                       32.377494
                 17.4439                        0.178723                       32.101839
                 17.4456                      0.17759394                       31.827077
                 17.4473                      0.17647016                        31.55321
                  17.449                      0.17535164                        31.28024
                 17.4507                      0.17423836                        31.00817
                 17.4524                      0.17313031                       30.737002
                 17.4541                      0.17202747                       30.466738
                 17.4558                      0.17092983                       30.197382
                 17.4575                      0.16983736                       29.928935
                 17.4592                      0.16875006                       29.661399
                 17.4609                       0.1676679                       29.394779
                 17.4626                      0.16659087                       29.129075
                 17.4643                      0.16551895                       28.864291
                  17.466                      0.16445212                        28.60043
                 17.4677                      0.16339038                       28.337494
                 17.4694                      0.16233369                       28.075486
                 17.4711                      0.16128205                       27.814409
                 17.4728                      0.16023544                       27.554267
                 17.4745                      0.15919384                        27.29506
                 17.4762                      0.15815723                       27.036794
                 17.4779                       0.1571256                       26.779471
                 17.4796                      0.15609893                       26.523094
                 17.4813                      0.15507721                       26.267666
                  17.483                      0.15406041                       26.013191
                 17.4847                      0.15304853                       25.759671
                 17.4864                      0.15204153                       25.507111
                 17.4881                      0.15103942                       25.255513
                 17.4898                      0.15004216                       25.004881
                 17.4915                      0.14904975                       24.755219
                 17.4932                      0.14806216                        24.50653
                 17.4949                      0.14707939                       24.258818
                 17.4966                       0.1461014                       24.012087
                 17.4983                      0.14512819                        23.76634
                    17.5                      0.14415974                       23.521581

