                        S2(1),1(1)/abs,linear                S2(1),1(1)/arg,degrees
----------------------------------------------------------------------------------------------------------------
                    15.8                     0.072076299                       235.72888
                 15.8017                     0.071640512                       235.44244
                 15.8034                     0.071210733                       235.15864
                 15.8051                     0.070786795                        234.8774
                 15.8068                     0.070368534                       234.59868
                 15.8085                     0.069955796                        234.3224
                 15.8102                     0.069548427                       234.04851
                 15.8119                     0.069146283                       233.77694
                 15.8136                     0.068749222                       233.50765
                 15.8153                     0.068357108                       233.24058
                  15.817                     0.067969808                       232.97566
                 15.8187                     0.067587194                       232.71286
                 15.8204                     0.067209143                       232.45211
                 15.8221                     0.066835535                       232.19338
                 15.8238                     0.066466253                        231.9366
                 15.8255                     0.066101187                       231.68174
                 15.8272                     0.065740226                       231.42874
                 15.8289                     0.065383265                       231.17756
                 15.8306                     0.065030203                       230.92816
                 15.8323                     0.064680939                        230.6805
                  15.834                     0.064335379                       230.43452
                 15.8357                     0.063993428                        230.1902
                 15.8374                     0.063654997                       229.94749
                 15.8391                     0.063319997                       229.70635
                 15.8408                     0.062988344                       229.46673
                 15.8425                     0.062659954                       229.22862
                 15.8442                     0.062334747                       228.99196
                 15.8459                     0.062012646                       228.75672
                 15.8476                     0.061693574                       228.52287
                 15.8493                     0.061377458                       228.29037
                  15.851                     0.061064226                       228.05919
                 15.8527                     0.060753808                       227.82929
                 15.8544                     0.060446138                       227.60064
                 15.8561                     0.060141148                       227.37322
                 15.8578                     0.059838775                       227.14698
                 15.8595                     0.059538957                       226.92189
                 15.8612                     0.059241633                       226.69793
                 15.8629                     0.058946744                       226.47507
                 15.8646                     0.058654231                       226.25328
                 15.8663                      0.05836404                       226.03253
                  15.868                     0.058076116                       225.81278
                 15.8697                     0.057790405                       225.59402
                 15.8714                     0.057506856                       225.37621
                 15.8731                     0.057225418                       225.15934
                 15.8748                     0.056946041                       224.94336
                 15.8765                     0.056668678                       224.72826
                 15.8782                     0.056393283                       224.51401
                 15.8799                     0.056119808                       224.30058
                 15.8816                      0.05584821                       224.08796
                 15.8833                     0.055578445                       223.87611
                  15.885                      0.05531047                       223.66501
                 15.8867                     0.055044244                       223.45464
                 15.8884                     0.054779727                       223.24497
                 15.8901                     0.054516879                       223.03598
                 15.8918                      0.05425566                       222.82765
                 15.8935                     0.053996034                       222.61995
                 15.8952                     0.053737964                       222.41286
                 15.8969                     0.053481412                       222.20636
                 15.8986                     0.053226345                       222.00043
                 15.9003                     0.052972727                       221.79505
                  15.902                     0.052720524                       221.59019
                 15.9037                     0.052469704                       221.38583
                 15.9054                     0.052220234                       221.18196
                 15.9071                     0.051972082                       220.97854
                 15.9088                     0.051725218                       220.77557
                 15.9105                      0.05147961                       220.57301
                 15.9122                      0.05123523                       220.37086
                 15.9139                     0.050992048                       220.16908
                 15.9156                     0.050750036                       219.96766
                 15.9173                     0.050509165                       219.76658
                  15.919                     0.050269408                       219.56581
                 15.9207                     0.050030739                       219.36535
                 15.9224                      0.04979313                       219.16517
                 15.9241                     0.049556557                       218.96524
                 15.9258                     0.049320993                       218.76556
                 15.9275                     0.049086414                       218.56609
                 15.9292                     0.048852795                       218.36683
                 15.9309                     0.048620112                       218.16775
                 15.9326                     0.048388342                       217.96883
                 15.9343                     0.048157461                       217.77006
                  15.936                     0.047927448                       217.57141
                 15.9377                     0.047698279                       217.37287
                 15.9394                     0.047469932                       217.17442
                 15.9411                     0.047242387                       216.97603
                 15.9428                     0.047015621                       216.77769
                 15.9445                     0.046789614                       216.57938
                 15.9462                     0.046564346                       216.38109
                 15.9479                     0.046339796                       216.18278
                 15.9496                     0.046115945                       215.98445
                 15.9513                     0.045892772                       215.78607
                  15.953                      0.04567026                       215.58763
                 15.9547                     0.045448388                        215.3891
                 15.9564                     0.045227139                       215.19047
                 15.9581                     0.045006493                       214.99172
                 15.9598                     0.044786433                       214.79282
                 15.9615                     0.044566942                       214.59376
                 15.9632                        0.044348                       214.39452
                 15.9649                     0.044129592                       214.19508
                 15.9666                       0.0439117                       213.99542
                 15.9683                     0.043694308                       213.79552
                   15.97                     0.043477398                       213.59536
                 15.9717                     0.043260955                       213.39492
                 15.9734                     0.043044961                       213.19418
                 15.9751                     0.042829403                       212.99312
                 15.9768                     0.042614263                       212.79171
                 15.9785                     0.042399526                       212.58995
                 15.9802                     0.042185177                        212.3878
                 15.9819                       0.0419712                       212.18524
                 15.9836                     0.041757581                       211.98226
                 15.9853                     0.041544306                       211.77883
                  15.987                     0.041331358                       211.57494
                 15.9887                     0.041118725                       211.37055
                 15.9904                     0.040906391                       211.16564
                 15.9921                     0.040694343                        210.9602
                 15.9938                     0.040482567                       210.75421
                 15.9955                     0.040271049                       210.54763
                 15.9972                     0.040059775                       210.34044
                 15.9989                     0.039848732                       210.13262
                 16.0006                     0.039637906                       209.92415
                 16.0023                     0.039427284                         209.715
                  16.004                     0.039216854                       209.50515
                 16.0057                     0.039006602                       209.29457
                 16.0074                     0.038796515                       209.08324
                 16.0091                     0.038586581                       208.87112
                 16.0108                     0.038376787                        208.6582
                 16.0125                     0.038167121                       208.44445
                 16.0142                      0.03795757                       208.22983
                 16.0159                     0.037748123                       208.01433
                 16.0176                     0.037538766                        207.7979
                 16.0193                     0.037329489                       207.58054
                  16.021                     0.037120279                       207.36219
                 16.0227                     0.036911124                       207.14284
                 16.0244                     0.036702012                       206.92245
                 16.0261                     0.036492933                         206.701
                 16.0278                     0.036283875                       206.47845
                 16.0295                     0.036074826                       206.25476
                 16.0312                     0.035865774                       206.02991
                 16.0329                      0.03565671                       205.80386
                 16.0346                     0.035447621                       205.57657
                 16.0363                     0.035238497                       205.34802
                  16.038                     0.035029326                       205.11816
                 16.0397                     0.034820099                       204.88696
                 16.0414                     0.034610803                       204.65437
                 16.0431                      0.03440143                       204.42037
                 16.0448                     0.034191967                        204.1849
                 16.0465                     0.033982405                       203.94794
                 16.0482                     0.033772733                       203.70943
                 16.0499                     0.033562941                       203.46934
                 16.0516                     0.033353018                       203.22762
                 16.0533                     0.033142955                       202.98423
                  16.055                     0.032932742                       202.73911
                 16.0567                     0.032722369                       202.49223
                 16.0584                     0.032511826                       202.24353
                 16.0601                     0.032301102                       201.99296
                 16.0618                      0.03209019                       201.74047
                 16.0635                     0.031879079                       201.48602
                 16.0652                     0.031667759                       201.22953
                 16.0669                     0.031456222                       200.97097
                 16.0686                     0.031244458                       200.71026
                 16.0703                     0.031032458                       200.44736
                  16.072                     0.030820214                       200.18219
                 16.0737                     0.030607716                        199.9147
                 16.0754                     0.030394956                       199.64483
                 16.0771                     0.030181926                        199.3725
                 16.0788                     0.029968616                       199.09764
                 16.0805                     0.029755018                       198.82019
                 16.0822                     0.029541125                       198.54007
                 16.0839                     0.029326928                       198.25721
                 16.0856                      0.02911242                       197.97152
                 16.0873                     0.028897593                       197.68293
                  16.089                      0.02868244                       197.39135
                 16.0907                     0.028466952                        197.0967
                 16.0924                     0.028251124                       196.79888
                 16.0941                     0.028034948                       196.49781
                 16.0958                     0.027818418                       196.19339
                 16.0975                     0.027601527                       195.88551
                 16.0992                     0.027384269                       195.57409
                 16.1009                     0.027166638                         195.259
                 16.1026                     0.026948629                       194.94014
                 16.1043                     0.026730236                        194.6174
                  16.106                     0.026511454                       194.29066
                 16.1077                     0.026292279                       193.95979
                 16.1094                     0.026072705                       193.62467
                 16.1111                      0.02585273                       193.28516
                 16.1128                     0.025632349                       192.94113
                 16.1145                      0.02541156                       192.59243
                 16.1162                     0.025190359                       192.23891
                 16.1179                     0.024968744                       191.88043
                 16.1196                     0.024746713                       191.51681
                 16.1213                     0.024524266                        191.1479
                  16.123                     0.024301401                       190.77351
                 16.1247                     0.024078118                       190.39347
                 16.1264                     0.023854418                       190.00759
                 16.1281                     0.023630302                       189.61566
                 16.1298                     0.023405772                       189.21749
                 16.1315                     0.023180831                       188.81285
                 16.1332                     0.022955481                       188.40154
                 16.1349                     0.022729728                        187.9833
                 16.1366                     0.022503577                        187.5579
                 16.1383                     0.022277034                       187.12508
                   16.14                     0.022050106                       186.68458
                 16.1417                     0.021822802                       186.23611
                 16.1434                     0.021595132                       185.77939
                 16.1451                     0.021367107                       185.31411
                 16.1468                     0.021138738                       184.83996
                 16.1485                     0.020910041                       184.35659
                 16.1502                     0.020681031                       183.86365
                 16.1519                     0.020451724                       183.36079
                 16.1536                      0.02022214                       182.84761
                 16.1553                     0.019992299                       182.32372
                  16.157                     0.019762226                       181.78868
                 16.1587                     0.019531945                       181.24206
                 16.1604                     0.019301484                       180.68339
                 16.1621                     0.019070874                       180.11219
                 16.1638                     0.018840147                       179.52793
                 16.1655                      0.01860934                       178.93008
                 16.1672                     0.018378492                       178.31808
                 16.1689                     0.018147645                       177.69133
                 16.1706                     0.017916848                        177.0492
                 16.1723                     0.017686149                       176.39105
                  16.174                     0.017455604                       175.71617
                 16.1757                     0.017225272                       175.02385
                 16.1774                     0.016995217                       174.31333
                 16.1791                      0.01676551                        173.5838
                 16.1808                     0.016536224                       172.83443
                 16.1825                     0.016307443                       172.06433
                 16.1842                     0.016079253                       171.27259
                 16.1859                     0.015851751                       170.45822
                 16.1876                     0.015625038                       169.62022
                 16.1893                     0.015399227                       168.75752
                  16.191                     0.015174437                         167.869
                 16.1927                     0.014950797                        166.9535
                 16.1944                     0.014728448                        166.0098
                 16.1961                     0.014507538                       165.03664
                 16.1978                     0.014288231                       164.03269
                 16.1995                     0.014070701                       162.99659
                 16.2012                     0.013855136                       161.92692
                 16.2029                     0.013641738                       160.82221
                 16.2046                     0.013430724                       159.68095
                 16.2063                     0.013222328                       158.50161
                  16.208                     0.013016799                        157.2826
                 16.2097                     0.012814406                       156.02233
                 16.2114                     0.012615435                       154.71918
                 16.2131                     0.012420193                       153.37155
                 16.2148                     0.012229008                       151.97784
                 16.2165                     0.012042228                       150.53649
                 16.2182                     0.011860222                         149.046
                 16.2199                     0.011683383                       147.50494
                 16.2216                     0.011512127                         145.912
                 16.2233                     0.011346889                       144.26601
                  16.225                      0.01118813                       142.56598
                 16.2267                     0.011036328                       140.81114
                 16.2284                     0.010891983                       139.00099
                 16.2301                     0.010755613                       137.13531
                 16.2318                     0.010627752                       135.21426
                 16.2335                     0.010508944                        133.2384
                 16.2352                     0.010399745                       131.20872
                 16.2369                     0.010300712                       129.12672
                 16.2386                     0.010212406                        126.9944
                 16.2403                     0.010135378                       124.81432
                  16.242                     0.010070169                        122.5896
                 16.2437                       0.0100173                       120.32393
                 16.2454                     0.009977268                       118.02155
                 16.2471                    0.0099505366                       115.68722
                 16.2488                    0.0099375315                       113.32618
                 16.2505                    0.0099386333                       110.94406
                 16.2522                    0.0099541729                       108.54684
                 16.2539                    0.0099844262                       106.14072
                 16.2556                     0.010029611                       103.73202
                 16.2573                     0.010089886                       101.32708
                  16.259                     0.010165349                       98.932164
                 16.2607                     0.010256035                       96.553309
                 16.2624                     0.010361925                       94.196271
                 16.2641                     0.010482942                       91.866417
                 16.2658                     0.010618958                       89.568659
                 16.2675                       0.0107698                       87.307402
                 16.2692                     0.010935253                       85.086502
                 16.2709                     0.011115068                       82.909256
                 16.2726                     0.011308966                       80.778388
                 16.2743                     0.011516647                       78.696072
                  16.276                     0.011737792                       76.663946
                 16.2777                      0.01197207                       74.683149
                 16.2794                     0.012219145                        72.75436
                 16.2811                     0.012478676                       70.877843
                 16.2828                     0.012750326                        69.05349
                 16.2845                     0.013033759                        67.28087
                 16.2862                      0.01332865                       65.559277
                 16.2879                     0.013634682                        63.88777
                 16.2896                     0.013951548                       62.265216
                 16.2913                     0.014278958                       60.690327
                  16.293                      0.01461663                       59.161695
                 16.2947                     0.014964301                        57.67782
                 16.2964                     0.015321722                       56.237137
                 16.2981                     0.015688656                       54.838043
                 16.2998                     0.016064884                       53.478907
                 16.3015                     0.016450201                       52.158097
                 16.3032                     0.016844415                       50.873987
                 16.3049                      0.01724735                        49.62497
                 16.3066                     0.017658842                       48.409465
                 16.3083                      0.01807874                        47.22593
                   16.31                     0.018506907                       46.072859
                 16.3117                     0.018943214                       44.948793
                 16.3134                     0.019387548                        43.85232
                 16.3151                     0.019839802                       42.782076
                 16.3168                     0.020299882                       41.736749
                 16.3185                     0.020767703                       40.715075
                 16.3202                     0.021243186                       39.715844
                 16.3219                     0.021726264                       38.737893
                 16.3236                     0.022216875                       37.780109
                 16.3253                     0.022714965                       36.841427
                  16.327                     0.023220487                       35.920829
                 16.3287                       0.0237334                       35.017341
                 16.3304                     0.024253667                       34.130032
                 16.3321                     0.024781259                       33.258014
                 16.3338                     0.025316151                       32.400437
                 16.3355                      0.02585832                       31.556491
                 16.3372                      0.02640775                       30.725401
                 16.3389                     0.026964427                       29.906428
                 16.3406                     0.027528341                       29.098864
                 16.3423                     0.028099485                       28.302034
                  16.344                     0.028677854                       27.515292
                 16.3457                     0.029263446                       26.738022
                 16.3474                     0.029856259                       25.969633
                 16.3491                     0.030456295                        25.20956
                 16.3508                     0.031063556                       24.457261
                 16.3525                     0.031678046                        23.71222
                 16.3542                     0.032299768                       22.973939
                 16.3559                     0.032928727                       22.241942
                 16.3576                     0.033564926                       21.515773
                 16.3593                     0.034208372                       20.794995
                  16.361                     0.034859067                       20.079186
                 16.3627                     0.035517014                       19.367942
                 16.3644                     0.036182215                       18.660875
                 16.3661                     0.036854672                       17.957612
                 16.3678                     0.037534383                       17.257792
                 16.3695                     0.038221345                       16.561071
                 16.3712                     0.038915552                       15.867114
                 16.3729                     0.039616998                         15.1756
                 16.3746                     0.040325672                        14.48622
                 16.3763                     0.041041559                       13.798676
                  16.378                     0.041764643                       13.112678
                 16.3797                     0.042494903                        12.42795
                 16.3814                     0.043232313                       11.744221
                 16.3831                     0.043976843                       11.061234
                 16.3848                     0.044728459                       10.378737
                 16.3865                     0.045487122                       9.6964883
                 16.3882                     0.046252785                        9.014254
                 16.3899                     0.047025399                        8.331808
                 16.3916                     0.047804904                       7.6489318
                 16.3933                     0.048591238                       6.9654143
                  16.395                      0.04938433                       6.2810516
                 16.3967                       0.0501841                       5.5956466
                 16.3984                     0.050990462                       4.9090092
                 16.4001                     0.051803323                       4.2209557
                 16.4018                     0.052622579                       3.5313092
                 16.4035                     0.053448119                        2.839899
                 16.4052                     0.054279821                       2.1465607
                 16.4069                     0.055117554                       1.4511363
                 16.4086                     0.055961177                      0.75347378
                 16.4103                     0.056810538                     0.053427476
                  16.412                     0.057665475                       359.35086
                 16.4137                     0.058525815                       358.64563
                 16.4154                     0.059391372                       357.93762
                 16.4171                     0.060261948                        357.2267
                 16.4188                     0.061137333                       356.51277
                 16.4205                     0.062017306                        355.7957
                 16.4222                     0.062901631                        355.0754
                 16.4239                     0.063790058                       354.35177
                 16.4256                     0.064682327                       353.62472
                 16.4273                      0.06557816                       352.89417
                  16.429                     0.066477267                       352.16004
                 16.4307                     0.067379344                       351.42226
                 16.4324                     0.068284073                       350.68077
                 16.4341                      0.06919112                       349.93551
                 16.4358                     0.070100136                       349.18643
                 16.4375                      0.07101076                       348.43349
                 16.4392                     0.071922614                       347.67665
                 16.4409                     0.072835306                       346.91589
                 16.4426                      0.07374843                       346.15118
                 16.4443                     0.074661566                       345.38251
                  16.446                     0.075574278                       344.60987
                 16.4477                     0.076486119                       343.83328
                 16.4494                     0.077396626                       343.05273
                 16.4511                     0.078305324                       342.26826
                 16.4528                     0.079211726                       341.47987
                 16.4545                     0.080115332                       340.68761
                 16.4562                     0.081015631                       339.89153
                 16.4579                     0.081912101                       339.09166
                 16.4596                      0.08280421                       338.28808
                 16.4613                     0.083691418                       337.48085
                  16.463                     0.084573175                       336.67004
                 16.4647                     0.085448926                       335.85574
                 16.4664                     0.086318108                       335.03804
                 16.4681                     0.087180152                       334.21705
                 16.4698                     0.088034489                       333.39286
                 16.4715                     0.088880544                       332.56561
                 16.4732                     0.089717741                       331.73541
                 16.4749                     0.090545505                        330.9024
                 16.4766                     0.091363263                       330.06671
                 16.4783                     0.092170442                        329.2285
                   16.48                     0.092966477                       328.38793
                 16.4817                     0.093750806                       327.54515
                 16.4834                     0.094522875                       326.70033
                 16.4851                     0.095282141                       325.85365
                 16.4868                     0.096028068                        325.0053
                 16.4885                     0.096760134                       324.15545
                 16.4902                      0.09747783                       323.30431
                 16.4919                     0.098180662                       322.45207
                 16.4936                     0.098868152                       321.59894
                 16.4953                     0.099539839                       320.74512
                  16.497                      0.10019528                       319.89083
                 16.4987                      0.10083407                       319.03628
                 16.5004                      0.10145579                       318.18169
                 16.5021                      0.10206007                       317.32728
                 16.5038                      0.10264656                       316.47327
                 16.5055                      0.10321494                       315.61989
                 16.5072                      0.10376489                       314.76737
                 16.5089                      0.10429616                       313.91593
                 16.5106                      0.10480848                       313.06579
                 16.5123                      0.10530164                       312.21718
                  16.514                      0.10577544                       311.37034
                 16.5157                      0.10622973                       310.52548
                 16.5174                      0.10666437                       309.68282
                 16.5191                      0.10707925                       308.84259
                 16.5208                       0.1074743                       308.00499
                 16.5225                      0.10784946                       307.17026
                 16.5242                      0.10820472                       306.33859
                 16.5259                      0.10854008                       305.51019
                 16.5276                      0.10885558                       304.68528
                 16.5293                      0.10915128                       303.86403
                  16.531                      0.10942728                       303.04665
                 16.5327                      0.10968367                       302.23332
                 16.5344                      0.10992061                       301.42423
                 16.5361                      0.11013826                       300.61955
                 16.5378                       0.1103368                       299.81945
                 16.5395                      0.11051643                       299.02409
                 16.5412                      0.11067739                       298.23364
                 16.5429                      0.11081992                       297.44823
                 16.5446                      0.11094429                       296.66803
                 16.5463                      0.11105079                       295.89315
                  16.548                       0.1111397                       295.12374
                 16.5497                      0.11121135                       294.35991
                 16.5514                      0.11126606                       293.60178
                 16.5531                      0.11130417                       292.84946
                 16.5548                      0.11132604                       292.10305
                 16.5565                      0.11133202                       291.36265
                 16.5582                      0.11132249                       290.62834
                 16.5599                      0.11129781                       289.90021
                 16.5616                      0.11125838                       289.17832
                 16.5633                      0.11120459                       288.46275
                  16.565                      0.11113681                       287.75356
                 16.5667                      0.11105546                        287.0508
                 16.5684                      0.11096093                       286.35452
                 16.5701                      0.11085363                       285.66477
                 16.5718                      0.11073394                       284.98157
                 16.5735                      0.11060227                       284.30496
                 16.5752                      0.11045902                       283.63496
                 16.5769                      0.11030458                       282.97159
                 16.5786                      0.11013935                       282.31487
                 16.5803                      0.10996372                       281.66481
                  16.582                      0.10977808                        281.0214
                 16.5837                       0.1095828                       280.38465
                 16.5854                      0.10937826                       279.75456
                 16.5871                      0.10916484                       279.13111
                 16.5888                       0.1089429                       278.51429
                 16.5905                      0.10871279                       277.90408
                 16.5922                      0.10847487                       277.30046
                 16.5939                      0.10822949                       276.70341
                 16.5956                      0.10797698                        276.1129
                 16.5973                      0.10771767                        275.5289
                  16.599                      0.10745189                       274.95138
                 16.6007                      0.10717995                       274.38029
                 16.6024                      0.10690215                        273.8156
                 16.6041                       0.1066188                       273.25727
                 16.6058                      0.10633019                       272.70525
                 16.6075                       0.1060366                        272.1595
                 16.6092                       0.1057383                       271.61997
                 16.6109                      0.10543557                       271.08661
                 16.6126                      0.10512865                       270.55937
                 16.6143                      0.10481781                       270.03819
                  16.616                      0.10450328                       269.52303
                 16.6177                      0.10418529                       269.01383
                 16.6194                      0.10386408                       268.51052
                 16.6211                      0.10353987                       268.01307
                 16.6228                      0.10321285                       267.52139
                 16.6245                      0.10288325                       267.03545
                 16.6262                      0.10255125                       266.55517
                 16.6279                      0.10221705                        266.0805
                 16.6296                      0.10188082                       265.61137
                 16.6313                      0.10154274                       265.14773
                  16.633                      0.10120299                       264.68952
                 16.6347                      0.10086172                       264.23667
                 16.6364                      0.10051908                       263.78912
                 16.6381                      0.10017523                       263.34681
                 16.6398                     0.099830316                       262.90968
                 16.6415                     0.099484466                       262.47767
                 16.6432                     0.099137815                       262.05071
                 16.6449                     0.098790489                       261.62875
                 16.6466                     0.098442608                       261.21172
                 16.6483                     0.098094288                       260.79957
                   16.65                     0.097745637                       260.39223
                 16.6517                     0.097396761                       259.98963
                 16.6534                      0.09704776                       259.59174
                 16.6551                     0.096698731                       259.19847
                 16.6568                     0.096349763                       258.80978
                 16.6585                     0.096000944                       258.42561
                 16.6602                     0.095652357                        258.0459
                 16.6619                     0.095304079                       257.67058
                 16.6636                     0.094956186                       257.29961
                 16.6653                     0.094608748                       256.93293
                  16.667                     0.094261833                       256.57049
                 16.6687                     0.093915506                       256.21222
                 16.6704                     0.093569825                       255.85808
                 16.6721                     0.093224849                         255.508
                 16.6738                     0.092880632                       255.16195
                 16.6755                     0.092537225                       254.81986
                 16.6772                     0.092194677                       254.48169
                 16.6789                     0.091853033                       254.14737
                 16.6806                     0.091512337                       253.81687
                 16.6823                     0.091172629                       253.49014
                  16.684                     0.090833946                       253.16712
                 16.6857                     0.090496326                       252.84776
                 16.6874                     0.090159801                       252.53203
                 16.6891                     0.089824403                       252.21987
                 16.6908                     0.089490162                       251.91123
                 16.6925                     0.089157104                       251.60608
                 16.6942                     0.088825256                       251.30436
                 16.6959                     0.088494642                       251.00604
                 16.6976                     0.088165283                       250.71107
                 16.6993                       0.0878372                        250.4194
                  16.701                     0.087510412                         250.131
                 16.7027                     0.087184937                       249.84583
                 16.7044                      0.08686079                       249.56384
                 16.7061                     0.086537986                         249.285
                 16.7078                      0.08621654                       249.00926
                 16.7095                     0.085896462                       248.73659
                 16.7112                     0.085577764                       248.46695
                 16.7129                     0.085260455                        248.2003
                 16.7146                     0.084944546                       247.93661
                 16.7163                     0.084630042                       247.67584
                  16.718                     0.084316952                       247.41796
                 16.7197                     0.084005281                       247.16293
                 16.7214                     0.083695034                       246.91071
                 16.7231                     0.083386216                       246.66128
                 16.7248                      0.08307883                       246.41461
                 16.7265                     0.082772878                       246.17065
                 16.7282                     0.082468363                       245.92938
                 16.7299                     0.082165285                       245.69077
                 16.7316                     0.081863647                       245.45479
                 16.7333                     0.081563447                       245.22141
                  16.735                     0.081264685                        244.9906
                 16.7367                      0.08096736                       244.76233
                 16.7384                     0.080671471                       244.53657
                 16.7401                     0.080377016                       244.31329
                 16.7418                     0.080083991                       244.09248
                 16.7435                     0.079792396                        243.8741
                 16.7452                     0.079502225                       243.65812
                 16.7469                     0.079213475                       243.44453
                 16.7486                     0.078926143                       243.23329
                 16.7503                     0.078640224                       243.02438
                  16.752                     0.078355713                       242.81779
                 16.7537                     0.078072606                       242.61348
                 16.7554                     0.077790896                       242.41143
                 16.7571                      0.07751058                       242.21162
                 16.7588                      0.07723165                       242.01403
                 16.7605                     0.076954102                       241.81863
                 16.7622                     0.076677928                       241.62541
                 16.7639                     0.076403123                       241.43435
                 16.7656                     0.076129681                       241.24542
                 16.7673                     0.075857593                       241.05861
                  16.769                     0.075586855                       240.87389
                 16.7707                     0.075317458                       240.69125
                 16.7724                     0.075049396                       240.51067
                 16.7741                     0.074782661                       240.33213
                 16.7758                     0.074517247                       240.15561
                 16.7775                     0.074253146                        239.9811
                 16.7792                      0.07399035                       239.80858
                 16.7809                     0.073728852                       239.63803
                 16.7826                     0.073468645                       239.46943
                 16.7843                      0.07320972                       239.30278
                  16.786                     0.072952071                       239.13805
                 16.7877                     0.072695689                       238.97523
                 16.7894                     0.072440568                       238.81431
                 16.7911                     0.072186698                       238.65526
                 16.7928                     0.071934073                       238.49808
                 16.7945                     0.071682684                       238.34276
                 16.7962                     0.071432525                       238.18927
                 16.7979                     0.071183586                       238.03762
                 16.7996                     0.070935861                       237.88777
                 16.8013                     0.070689342                       237.73973
                  16.803                      0.07044402                       237.59347
                 16.8047                      0.07019989                         237.449
                 16.8064                     0.069956941                       237.30628
                 16.8081                     0.069715168                       237.16533
                 16.8098                     0.069474563                       237.02611
                 16.8115                     0.069235118                       236.88863
                 16.8132                     0.068996825                       236.75287
                 16.8149                     0.068759678                       236.61882
                 16.8166                     0.068523668                       236.48648
                 16.8183                     0.068288789                       236.35583
                   16.82                     0.068055034                       236.22686
                 16.8217                     0.067822394                       236.09956
                 16.8234                     0.067590864                       235.97393
                 16.8251                     0.067360435                       235.84996
                 16.8268                     0.067131102                       235.72764
                 16.8285                     0.066902856                       235.60695
                 16.8302                     0.066675692                        235.4879
                 16.8319                     0.066449603                       235.37048
                 16.8336                     0.066224581                       235.25467
                 16.8353                     0.066000621                       235.14047
                  16.837                     0.065777715                       235.02787
                 16.8387                     0.065555858                       234.91687
                 16.8404                     0.065335043                       234.80746
                 16.8421                     0.065115263                       234.69964
                 16.8438                     0.064896514                       234.59339
                 16.8455                     0.064678788                       234.48871
                 16.8472                     0.064462079                        234.3856
                 16.8489                     0.064246382                       234.28405
                 16.8506                     0.064031691                       234.18406
                 16.8523                        0.063818                       234.08562
                  16.854                     0.063605304                       233.98872
                 16.8557                     0.063393597                       233.89336
                 16.8574                     0.063182874                       233.79954
                 16.8591                     0.062973129                       233.70725
                 16.8608                     0.062764358                       233.61648
                 16.8625                     0.062556555                       233.52725
                 16.8642                     0.062349714                       233.43953
                 16.8659                     0.062143832                       233.35332
                 16.8676                     0.061938904                       233.26863
                 16.8693                     0.061734924                       233.18545
                  16.871                     0.061531888                       233.10378
                 16.8727                     0.061329792                       233.02361
                 16.8744                     0.061128631                       232.94494
                 16.8761                     0.060928401                       232.86777
                 16.8778                     0.060729098                       232.79209
                 16.8795                     0.060530717                        232.7179
                 16.8812                     0.060333255                       232.64521
                 16.8829                     0.060136708                       232.57401
                 16.8846                     0.059941073                       232.50429
                 16.8863                     0.059746344                       232.43606
                  16.888                      0.05955252                       232.36931
                 16.8897                     0.059359596                       232.30404
                 16.8914                      0.05916757                       232.24026
                 16.8931                     0.058976437                       232.17795
                 16.8948                     0.058786195                       232.11712
                 16.8965                     0.058596841                       232.05777
                 16.8982                     0.058408372                        231.9999
                 16.8999                     0.058220784                        231.9435
                 16.9016                     0.058034077                       231.88858
                 16.9033                     0.057848246                       231.83513
                  16.905                      0.05766329                       231.78316
                 16.9067                     0.057479205                       231.73266
                 16.9084                     0.057295991                       231.68364
                 16.9101                     0.057113644                       231.63609
                 16.9118                     0.056932163                       231.59001
                 16.9135                     0.056751545                       231.54541
                 16.9152                      0.05657179                       231.50228
                 16.9169                     0.056392894                       231.46063
                 16.9186                     0.056214857                       231.42046
                 16.9203                     0.056037678                       231.38176
                  16.922                     0.055861354                       231.34454
                 16.9237                     0.055685884                       231.30879
                 16.9254                     0.055511268                       231.27453
                 16.9271                     0.055337504                       231.24174
                 16.9288                     0.055164592                       231.21044
                 16.9305                      0.05499253                       231.18062
                 16.9322                     0.054821317                       231.15228
                 16.9339                     0.054650954                       231.12542
                 16.9356                      0.05448144                       231.10005
                 16.9373                     0.054312774                       231.07617
                  16.939                     0.054144956                       231.05378
                 16.9407                     0.053977986                       231.03287
                 16.9424                     0.053811863                       231.01346
                 16.9441                     0.053646589                       230.99554
                 16.9458                     0.053482163                       230.97912
                 16.9475                     0.053318584                       230.96419
                 16.9492                     0.053155855                       230.95076
                 16.9509                     0.052993975                       230.93883
                 16.9526                     0.052832944                       230.92841
                 16.9543                     0.052672764                       230.91949
                  16.956                     0.052513436                       230.91207
                 16.9577                     0.052354959                       230.90617
                 16.9594                     0.052197336                       230.90177
                 16.9611                     0.052040568                       230.89889
                 16.9628                     0.051884655                       230.89753
                 16.9645                     0.051729599                       230.89768
                 16.9662                     0.051575401                       230.89934
                 16.9679                     0.051422064                       230.90254
                 16.9696                     0.051269589                       230.90725
                 16.9713                     0.051117977                       230.91349
                  16.973                     0.050967231                       230.92126
                 16.9747                     0.050817353                       230.93056
                 16.9764                     0.050668344                       230.94139
                 16.9781                     0.050520208                       230.95375
                 16.9798                     0.050372945                       230.96765
                 16.9815                      0.05022656                        230.9831
                 16.9832                     0.050081054                       231.00008
                 16.9849                     0.049936429                        231.0186
                 16.9866                      0.04979269                       231.03868
                 16.9883                     0.049649838                        231.0603
                   16.99                     0.049507878                       231.08346
                 16.9917                     0.049366811                       231.10819
                 16.9934                      0.04922664                       231.13446
                 16.9951                     0.049087371                       231.16229
                 16.9968                     0.048949005                       231.19168
                 16.9985                     0.048811546                       231.22262
                 17.0002                     0.048674999                       231.25513
                 17.0019                     0.048539366                        231.2892
                 17.0036                     0.048404651                       231.32484
                 17.0053                     0.048270859                       231.36204
                  17.007                     0.048137994                       231.40081
                 17.0087                     0.048006059                       231.44115
                 17.0104                     0.047875059                       231.48306
                 17.0121                     0.047744998                       231.52654
                 17.0138                     0.047615881                       231.57159
                 17.0155                     0.047487712                       231.61821
                 17.0172                     0.047360496                       231.66641
                 17.0189                     0.047234238                       231.71619
                 17.0206                     0.047108942                       231.76754
                 17.0223                     0.046984614                       231.82047
                  17.024                     0.046861258                       231.87497
                 17.0257                      0.04673888                       231.93106
                 17.0274                     0.046617485                       231.98872
                 17.0291                     0.046497078                       232.04795
                 17.0308                     0.046377665                       232.10877
                 17.0325                      0.04625925                       232.17116
                 17.0342                     0.046141841                       232.23512
                 17.0359                     0.046025442                       232.30067
                 17.0376                     0.045910059                       232.36779
                 17.0393                     0.045795698                       232.43648
                  17.041                     0.045682365                       232.50674
                 17.0427                     0.045570066                       232.57858
                 17.0444                     0.045458808                       232.65198
                 17.0461                     0.045348595                       232.72695
                 17.0478                     0.045239436                       232.80349
                 17.0495                     0.045131335                       232.88159
                 17.0512                       0.0450243                       232.96125
                 17.0529                     0.044918336                       233.04248
                 17.0546                     0.044813452                       233.12525
                 17.0563                     0.044709652                       233.20958
                  17.058                     0.044606944                       233.29546
                 17.0597                     0.044505335                       233.38288
                 17.0614                     0.044404832                       233.47184
                 17.0631                     0.044305441                       233.56234
                 17.0648                      0.04420717                       233.65437
                 17.0665                     0.044110025                       233.74793
                 17.0682                     0.044014014                       233.84302
                 17.0699                     0.043919143                       233.93962
                 17.0716                     0.043825421                       234.03773
                 17.0733                     0.043732854                       234.13734
                  17.075                      0.04364145                       234.23846
                 17.0767                     0.043551216                       234.34107
                 17.0784                     0.043462159                       234.44516
                 17.0801                     0.043374287                       234.55074
                 17.0818                     0.043287608                       234.65778
                 17.0835                     0.043202128                       234.76629
                 17.0852                     0.043117856                       234.87625
                 17.0869                       0.0430348                       234.98766
                 17.0886                     0.042952966                        235.1005
                 17.0903                     0.042872362                       235.21478
                  17.092                     0.042792997                       235.33047
                 17.0937                     0.042714877                       235.44757
                 17.0954                     0.042638011                       235.56607
                 17.0971                     0.042562406                       235.68596
                 17.0988                     0.042488071                       235.80722
                 17.1005                     0.042415012                       235.92985
                 17.1022                     0.042343238                       236.05383
                 17.1039                     0.042272756                       236.17915
                 17.1056                     0.042203574                        236.3058
                 17.1073                       0.0421357                       236.43377
                  17.109                     0.042069142                       236.56304
                 17.1107                     0.042003907                       236.69359
                 17.1124                     0.041940003                       236.82542
                 17.1141                     0.041877438                        236.9585
                 17.1158                      0.04181622                       237.09283
                 17.1175                     0.041756355                       237.22839
                 17.1192                     0.041697853                       237.36516
                 17.1209                      0.04164072                       237.50313
                 17.1226                     0.041584963                       237.64228
                 17.1243                     0.041530592                       237.78259
                  17.126                     0.041477612                       237.92404
                 17.1277                     0.041426031                       238.06662
                 17.1294                     0.041375858                       238.21031
                 17.1311                     0.041327098                       238.35509
                 17.1328                      0.04127976                       238.50095
                 17.1345                      0.04123385                       238.64785
                 17.1362                     0.041189376                       238.79578
                 17.1379                     0.041146344                       238.94473
                 17.1396                     0.041104763                       239.09467
                 17.1413                     0.041064637                       239.24558
                  17.143                     0.041025976                       239.39743
                 17.1447                     0.040988784                       239.55021
                 17.1464                     0.040953069                        239.7039
                 17.1481                     0.040918837                       239.85847
                 17.1498                     0.040886096                        240.0139
                 17.1515                      0.04085485                       240.17016
                 17.1532                     0.040825107                       240.32723
                 17.1549                     0.040796872                        240.4851
                 17.1566                     0.040770151                       240.64372
                 17.1583                     0.040744952                       240.80309
                   17.16                     0.040721278                       240.96317
                 17.1617                     0.040699136                       241.12394
                 17.1634                     0.040678531                       241.28537
                 17.1651                     0.040659469                       241.44744
                 17.1668                     0.040641955                       241.61011
                 17.1685                     0.040625994                       241.77338
                 17.1702                     0.040611592                        241.9372
                 17.1719                     0.040598752                       242.10155
                 17.1736                     0.040587479                       242.26641
                 17.1753                     0.040577779                       242.43174
                  17.177                     0.040569655                       242.59752
                 17.1787                     0.040563112                       242.76372
                 17.1804                     0.040558154                       242.93031
                 17.1821                     0.040554784                       243.09727
                 17.1838                     0.040553007                       243.26456
                 17.1855                     0.040552825                       243.43216
                 17.1872                     0.040554243                       243.60003
                 17.1889                     0.040557263                       243.76815
                 17.1906                     0.040561888                        243.9365
                 17.1923                     0.040568122                       244.10503
                  17.194                     0.040575967                       244.27372
                 17.1957                     0.040585425                       244.44254
                 17.1974                     0.040596499                       244.61146
                 17.1991                      0.04060919                       244.78046
                 17.2008                     0.040623502                        244.9495
                 17.2025                     0.040639434                       245.11854
                 17.2042                      0.04065699                       245.28758
                 17.2059                      0.04067617                       245.45656
                 17.2076                     0.040696975                       245.62546
                 17.2093                     0.040719407                       245.79426
                  17.211                     0.040743466                       245.96292
                 17.2127                     0.040769152                       246.13141
                 17.2144                     0.040796466                       246.29971
                 17.2161                     0.040825408                       246.46778
                 17.2178                     0.040855978                       246.63559
                 17.2195                     0.040888175                       246.80312
                 17.2212                        0.040922                       246.97033
                 17.2229                     0.040957451                        247.1372
                 17.2246                     0.040994528                        247.3037
                 17.2263                     0.041033229                       247.46979
                  17.228                     0.041073554                       247.63545
                 17.2297                       0.0411155                       247.80066
                 17.2314                     0.041159065                       247.96537
                 17.2331                     0.041204249                       248.12957
                 17.2348                     0.041251049                       248.29322
                 17.2365                     0.041299462                        248.4563
                 17.2382                     0.041349486                       248.61878
                 17.2399                     0.041401119                       248.78064
                 17.2416                     0.041454357                       248.94184
                 17.2433                     0.041509196                       249.10236
                  17.245                     0.041565635                       249.26217
                 17.2467                     0.041623669                       249.42125
                 17.2484                     0.041683295                       249.57956
                 17.2501                     0.041744508                        249.7371
                 17.2518                     0.041807305                       249.89382
                 17.2535                     0.041871681                       250.04971
                 17.2552                     0.041937631                       250.20473
                 17.2569                     0.042005152                       250.35888
                 17.2586                     0.042074238                       250.51211
                 17.2603                     0.042144884                       250.66441
                  17.262                     0.042217084                       250.81576
                 17.2637                     0.042290834                       250.96613
                 17.2654                     0.042366128                        251.1155
                 17.2671                      0.04244296                       251.26385
                 17.2688                     0.042521323                       251.41116
                 17.2705                     0.042601213                        251.5574
                 17.2722                     0.042682622                       251.70255
                 17.2739                     0.042765544                        251.8466
                 17.2756                     0.042849973                       251.98953
                 17.2773                     0.042935901                       252.13131
                  17.279                     0.043023322                       252.27193
                 17.2807                     0.043112229                       252.41136
                 17.2824                     0.043202613                       252.54959
                 17.2841                     0.043294469                       252.68661
                 17.2858                     0.043387788                       252.82239
                 17.2875                     0.043482562                       252.95692
                 17.2892                     0.043578784                       253.09018
                 17.2909                     0.043676446                       253.22215
                 17.2926                     0.043775539                       253.35283
                 17.2943                     0.043876056                       253.48219
                  17.296                     0.043977987                       253.61022
                 17.2977                     0.044081324                       253.73691
                 17.2994                     0.044186059                       253.86225
                 17.3011                     0.044292183                       253.98621
                 17.3028                     0.044399686                       254.10879
                 17.3045                     0.044508561                       254.22998
                 17.3062                     0.044618797                       254.34976
                 17.3079                     0.044730385                       254.46812
                 17.3096                     0.044843316                       254.58506
                 17.3113                      0.04495758                       254.70056
                  17.313                     0.045073169                       254.81461
                 17.3147                     0.045190071                        254.9272
                 17.3164                     0.045308278                       255.03832
                 17.3181                     0.045427779                       255.14798
                 17.3198                     0.045548565                       255.25614
                 17.3215                     0.045670625                       255.36282
                 17.3232                     0.045793949                         255.468
                 17.3249                     0.045918527                       255.57168
                 17.3266                     0.046044349                       255.67385
                 17.3283                     0.046171403                        255.7745
                   17.33                      0.04629968                       255.87363
                 17.3317                     0.046429169                       255.97123
                 17.3334                      0.04655986                        256.0673
                 17.3351                     0.046691741                       256.16184
                 17.3368                     0.046824802                       256.25484
                 17.3385                     0.046959031                       256.34629
                 17.3402                     0.047094419                       256.43621
                 17.3419                     0.047230953                       256.52457
                 17.3436                     0.047368623                       256.61139
                 17.3453                     0.047507418                       256.69666
                  17.347                     0.047647326                       256.78037
                 17.3487                     0.047788337                       256.86254
                 17.3504                     0.047930438                       256.94315
                 17.3521                     0.048073619                       257.02221
                 17.3538                     0.048217868                       257.09971
                 17.3555                     0.048363174                       257.17567
                 17.3572                     0.048509524                       257.25008
                 17.3589                     0.048656908                       257.32293
                 17.3606                     0.048805314                       257.39425
                 17.3623                     0.048954729                       257.46402
                  17.364                     0.049105143                       257.53224
                 17.3657                     0.049256544                       257.59893
                 17.3674                     0.049408919                       257.66409
                 17.3691                     0.049562256                       257.72772
                 17.3708                     0.049716544                       257.78982
                 17.3725                     0.049871771                        257.8504
                 17.3742                     0.050027924                       257.90946
                 17.3759                     0.050184991                       257.96702
                 17.3776                      0.05034296                       258.02307
                 17.3793                     0.050501819                       258.07762
                  17.381                     0.050661555                       258.13068
                 17.3827                     0.050822155                       258.18226
                 17.3844                     0.050983608                       258.23236
                 17.3861                       0.0511459                       258.28099
                 17.3878                     0.051309018                       258.32816
                 17.3895                      0.05147295                       258.37388
                 17.3912                     0.051637683                       258.41815
                 17.3929                     0.051803203                         258.461
                 17.3946                     0.051969497                       258.50242
                 17.3963                     0.052136551                       258.54242
                  17.398                     0.052304352                       258.58103
                 17.3997                     0.052472886                       258.61824
                 17.4014                     0.052642138                       258.65407
                 17.4031                     0.052812095                       258.68854
                 17.4048                     0.052982742                       258.72166
                 17.4065                     0.053154063                       258.75343
                 17.4082                     0.053326043                       258.78388
                 17.4099                     0.053498668                       258.81301
                 17.4116                      0.05367192                       258.84085
                 17.4133                     0.053845783                        258.8674
                  17.415                      0.05402024                       258.89269
                 17.4167                     0.054195273                       258.91673
                 17.4184                     0.054370864                       258.93954
                 17.4201                     0.054546995                       258.96114
                 17.4218                     0.054723645                       258.98153
                 17.4235                     0.054900793                       259.00076
                 17.4252                     0.055078418                       259.01883
                 17.4269                     0.055256496                       259.03576
                 17.4286                     0.055435005                       259.05158
                 17.4303                     0.055613918                       259.06631
                  17.432                     0.055793209                       259.07997
                 17.4337                     0.055972847                       259.09258
                 17.4354                     0.056152804                       259.10418
                 17.4371                     0.056333046                       259.11478
                 17.4388                     0.056513537                       259.12442
                 17.4405                     0.056694239                       259.13311
                 17.4422                     0.056875111                       259.14089
                 17.4439                     0.057056108                       259.14778
                 17.4456                     0.057237181                       259.15381
                 17.4473                     0.057418279                       259.15901
                  17.449                     0.057599342                       259.16341
                 17.4507                     0.057780308                       259.16703
                 17.4524                     0.057961107                        259.1699
                 17.4541                     0.058141665                       259.17205
                 17.4558                     0.058321898                       259.17351
                 17.4575                     0.058501714                       259.17428
                 17.4592                     0.058681014                       259.17439
                 17.4609                     0.058859688                       259.17386
                 17.4626                     0.059037617                       259.17269
                 17.4643                     0.059214668                       259.17088
                  17.466                     0.059390699                       259.16842
                 17.4677                     0.059565555                       259.16529
                 17.4694                     0.059739067                       259.16145
                 17.4711                     0.059911056                       259.15686
                 17.4728                     0.060081329                       259.15144
                 17.4745                     0.060249684                       259.14508
                 17.4762                     0.060415911                       259.13767
                 17.4779                     0.060579795                       259.12903
                 17.4796                     0.060741122                       259.11898
                 17.4813                     0.060899687                       259.10726
                  17.483                     0.061055298                       259.09359
                 17.4847                     0.061207794                       259.07762
                 17.4864                     0.061357056                       259.05895
                 17.4881                     0.061503022                       259.03715
                 17.4898                     0.061645705                       259.01173
                 17.4915                     0.061785217                       258.98216
                 17.4932                     0.061921778                        258.9479
                 17.4949                     0.062055743                       258.90841
                 17.4966                     0.062187604                       258.86319
                 17.4983                     0.062317997                        258.8118
                    17.5                     0.062447692                       258.75387

