                        S2(2),1(1)/abs,linear                S2(2),1(1)/arg,degrees
----------------------------------------------------------------------------------------------------------------
                    15.8                     0.011390371                       346.37678
                 15.8017                     0.011530135                       345.62034
                 15.8034                     0.011668406                        344.8768
                 15.8051                     0.011805194                       344.14564
                 15.8068                     0.011940507                       343.42637
                 15.8085                     0.012074357                       342.71852
                 15.8102                     0.012206755                       342.02168
                 15.8119                     0.012337712                       341.33541
                 15.8136                     0.012467242                       340.65934
                 15.8153                     0.012595356                        339.9931
                  15.817                     0.012722069                       339.33634
                 15.8187                     0.012847395                       338.68873
                 15.8204                     0.012971348                       338.04996
                 15.8221                     0.013093942                       337.41973
                 15.8238                     0.013215192                       336.79776
                 15.8255                     0.013335113                       336.18379
                 15.8272                      0.01345372                       335.57755
                 15.8289                     0.013571028                       334.97881
                 15.8306                     0.013687054                       334.38733
                 15.8323                     0.013801811                        333.8029
                  15.834                     0.013915316                        333.2253
                 15.8357                     0.014027585                       332.65433
                 15.8374                     0.014138632                        332.0898
                 15.8391                     0.014248473                       331.53152
                 15.8408                     0.014357123                       330.97933
                 15.8425                     0.014464599                       330.43304
                 15.8442                     0.014570915                       329.89251
                 15.8459                     0.014676086                       329.35757
                 15.8476                     0.014780128                       328.82807
                 15.8493                     0.014883056                       328.30388
                  15.851                     0.014984885                       327.78485
                 15.8527                     0.015085629                       327.27085
                 15.8544                     0.015185303                       326.76176
                 15.8561                     0.015283923                       326.25746
                 15.8578                     0.015381501                       325.75782
                 15.8595                     0.015478053                       325.26273
                 15.8612                     0.015573592                       324.77209
                 15.8629                     0.015668133                       324.28579
                 15.8646                      0.01576169                       323.80373
                 15.8663                     0.015854275                        323.3258
                  15.868                     0.015945903                       322.85192
                 15.8697                     0.016036587                       322.38199
                 15.8714                     0.016126339                       321.91592
                 15.8731                     0.016215174                       321.45364
                 15.8748                     0.016303103                       320.99505
                 15.8765                      0.01639014                       320.54008
                 15.8782                     0.016476297                       320.08865
                 15.8799                     0.016561585                       319.64068
                 15.8816                     0.016646018                        319.1961
                 15.8833                     0.016729607                       318.75485
                  15.885                     0.016812365                       318.31685
                 15.8867                     0.016894301                       317.88203
                 15.8884                     0.016975429                       317.45034
                 15.8901                     0.017055759                       317.02171
                 15.8918                     0.017135302                       316.59608
                 15.8935                      0.01721407                        316.1734
                 15.8952                     0.017292072                       315.75359
                 15.8969                      0.01736932                       315.33662
                 15.8986                     0.017445825                       314.92242
                 15.9003                     0.017521595                       314.51095
                  15.902                     0.017596642                       314.10215
                 15.9037                     0.017670975                       313.69597
                 15.9054                     0.017744605                       313.29237
                 15.9071                      0.01781754                        312.8913
                 15.9088                      0.01788979                       312.49271
                 15.9105                     0.017961365                       312.09656
                 15.9122                     0.018032274                       311.70281
                 15.9139                     0.018102525                       311.31141
                 15.9156                     0.018172129                       310.92232
                 15.9173                     0.018241092                       310.53551
                  15.919                     0.018309425                       310.15093
                 15.9207                     0.018377135                       309.76854
                 15.9224                      0.01844423                       309.38832
                 15.9241                      0.01851072                       309.01022
                 15.9258                     0.018576612                       308.63421
                 15.9275                     0.018641913                       308.26025
                 15.9292                     0.018706632                       307.88831
                 15.9309                     0.018770777                       307.51836
                 15.9326                     0.018834354                       307.15037
                 15.9343                     0.018897372                        306.7843
                  15.936                     0.018959837                       306.42013
                 15.9377                     0.019021757                       306.05782
                 15.9394                     0.019083138                       305.69735
                 15.9411                     0.019143988                       305.33868
                 15.9428                     0.019204314                        304.9818
                 15.9445                     0.019264122                       304.62667
                 15.9462                     0.019323418                       304.27326
                 15.9479                      0.01938221                       303.92156
                 15.9496                     0.019440503                       303.57153
                 15.9513                     0.019498304                       303.22316
                  15.953                     0.019555618                       302.87641
                 15.9547                     0.019612453                       302.53126
                 15.9564                     0.019668814                        302.1877
                 15.9581                     0.019724707                       301.84569
                 15.9598                     0.019780137                       301.50522
                 15.9615                      0.01983511                       301.16626
                 15.9632                     0.019889632                        300.8288
                 15.9649                     0.019943708                        300.4928
                 15.9666                     0.019997344                       300.15826
                 15.9683                     0.020050545                       299.82515
                   15.97                     0.020103316                       299.49346
                 15.9717                     0.020155662                       299.16316
                 15.9734                     0.020207588                       298.83423
                 15.9751                     0.020259099                       298.50666
                 15.9768                     0.020310201                       298.18042
                 15.9785                     0.020360897                       297.85551
                 15.9802                     0.020411193                        297.5319
                 15.9819                     0.020461093                       297.20958
                 15.9836                     0.020510602                       296.88853
                 15.9853                     0.020559724                       296.56874
                  15.987                     0.020608463                       296.25018
                 15.9887                     0.020656825                       295.93285
                 15.9904                     0.020704813                       295.61672
                 15.9921                     0.020752431                       295.30179
                 15.9938                     0.020799683                       294.98803
                 15.9955                     0.020846574                       294.67544
                 15.9972                     0.020893108                         294.364
                 15.9989                     0.020939288                       294.05369
                 16.0006                     0.020985118                       293.74451
                 16.0023                     0.021030602                       293.43643
                  16.004                     0.021075744                       293.12945
                 16.0057                     0.021120548                       292.82355
                 16.0074                     0.021165017                       292.51873
                 16.0091                     0.021209155                       292.21496
                 16.0108                     0.021252964                       291.91224
                 16.0125                      0.02129645                       291.61055
                 16.0142                     0.021339614                       291.30988
                 16.0159                     0.021382461                       291.01023
                 16.0176                     0.021424993                       290.71157
                 16.0193                     0.021467215                       290.41391
                  16.021                     0.021509128                       290.11722
                 16.0227                     0.021550736                        289.8215
                 16.0244                     0.021592043                       289.52673
                 16.0261                     0.021633051                       289.23291
                 16.0278                     0.021673763                       288.94003
                 16.0295                     0.021714183                       288.64807
                 16.0312                     0.021754312                       288.35703
                 16.0329                     0.021794154                        288.0669
                 16.0346                     0.021833712                       287.77766
                 16.0363                     0.021872989                       287.48931
                  16.038                     0.021911987                       287.20184
                 16.0397                     0.021950708                       286.91524
                 16.0414                     0.021989156                        286.6295
                 16.0431                     0.022027333                       286.34462
                 16.0448                     0.022065242                       286.06058
                 16.0465                     0.022102884                       285.77737
                 16.0482                     0.022140264                       285.49499
                 16.0499                     0.022177382                       285.21343
                 16.0516                     0.022214242                       284.93269
                 16.0533                     0.022250845                       284.65274
                  16.055                     0.022287195                        284.3736
                 16.0567                     0.022323293                       284.09524
                 16.0584                     0.022359141                       283.81766
                 16.0601                     0.022394742                       283.54086
                 16.0618                     0.022430099                       283.26482
                 16.0635                     0.022465212                       282.98954
                 16.0652                     0.022500085                       282.71502
                 16.0669                     0.022534719                       282.44124
                 16.0686                     0.022569117                        282.1682
                 16.0703                      0.02260328                       281.89589
                  16.072                      0.02263721                       281.62431
                 16.0737                      0.02267091                       281.35345
                 16.0754                     0.022704381                        281.0833
                 16.0771                     0.022737626                       280.81386
                 16.0788                     0.022770646                       280.54512
                 16.0805                     0.022803442                       280.27707
                 16.0822                     0.022836018                       280.00971
                 16.0839                     0.022868374                       279.74304
                 16.0856                     0.022900512                       279.47704
                 16.0873                     0.022932435                       279.21172
                  16.089                     0.022964143                       278.94706
                 16.0907                     0.022995639                       278.68306
                 16.0924                     0.023026924                       278.41972
                 16.0941                        0.023058                       278.15702
                 16.0958                     0.023088869                       277.89497
                 16.0975                     0.023119532                       277.63356
                 16.0992                      0.02314999                       277.37279
                 16.1009                     0.023180246                       277.11264
                 16.1026                       0.0232103                       276.85312
                 16.1043                     0.023240155                       276.59422
                  16.106                     0.023269811                       276.33594
                 16.1077                     0.023299271                       276.07826
                 16.1094                     0.023328536                       275.82119
                 16.1111                     0.023357606                       275.56472
                 16.1128                     0.023386484                       275.30885
                 16.1145                     0.023415172                       275.05356
                 16.1162                     0.023443669                       274.79887
                 16.1179                     0.023471978                       274.54476
                 16.1196                       0.0235001                       274.29123
                 16.1213                     0.023528037                       274.03827
                  16.123                     0.023555789                       273.78589
                 16.1247                     0.023583358                       273.53407
                 16.1264                     0.023610745                       273.28281
                 16.1281                     0.023637951                       273.03211
                 16.1298                     0.023664979                       272.78197
                 16.1315                     0.023691828                       272.53238
                 16.1332                       0.0237185                       272.28334
                 16.1349                     0.023744997                       272.03483
                 16.1366                     0.023771318                       271.78687
                 16.1383                     0.023797467                       271.53945
                   16.14                     0.023823443                       271.29256
                 16.1417                     0.023849248                       271.04619
                 16.1434                     0.023874883                       270.80035
                 16.1451                     0.023900349                       270.55504
                 16.1468                     0.023925647                       270.31024
                 16.1485                     0.023950779                       270.06596
                 16.1502                     0.023975744                       269.82219
                 16.1519                     0.024000545                       269.57892
                 16.1536                     0.024025182                       269.33617
                 16.1553                     0.024049657                       269.09391
                  16.157                     0.024073969                       268.85216
                 16.1587                     0.024098122                        268.6109
                 16.1604                     0.024122114                       268.37014
                 16.1621                     0.024145948                       268.12986
                 16.1638                     0.024169623                       267.89007
                 16.1655                     0.024193142                       267.65077
                 16.1672                     0.024216505                       267.41194
                 16.1689                     0.024239713                        267.1736
                 16.1706                     0.024262767                       266.93573
                 16.1723                     0.024285668                       266.69833
                  16.174                     0.024308416                       266.46141
                 16.1757                     0.024331013                       266.22495
                 16.1774                     0.024353459                       265.98895
                 16.1791                     0.024375756                       265.75342
                 16.1808                     0.024397903                       265.51835
                 16.1825                     0.024419903                       265.28373
                 16.1842                     0.024441755                       265.04957
                 16.1859                     0.024463461                       264.81586
                 16.1876                     0.024485021                       264.58259
                 16.1893                     0.024506436                       264.34978
                  16.191                     0.024527707                       264.11741
                 16.1927                     0.024548835                       263.88548
                 16.1944                      0.02456982                       263.65399
                 16.1961                     0.024590664                       263.42294
                 16.1978                     0.024611366                       263.19232
                 16.1995                     0.024631928                       262.96213
                 16.2012                     0.024652351                       262.73238
                 16.2029                     0.024672634                       262.50305
                 16.2046                      0.02469278                       262.27415
                 16.2063                     0.024712788                       262.04567
                  16.208                     0.024732659                       261.81761
                 16.2097                     0.024752395                       261.58997
                 16.2114                     0.024771995                       261.36275
                 16.2131                      0.02479146                       261.13595
                 16.2148                     0.024810791                       260.90955
                 16.2165                     0.024829989                       260.68357
                 16.2182                     0.024849054                         260.458
                 16.2199                     0.024867987                       260.23283
                 16.2216                     0.024886788                       260.00807
                 16.2233                     0.024905458                       259.78371
                  16.225                     0.024923999                       259.55975
                 16.2267                     0.024942409                       259.33619
                 16.2284                     0.024960691                       259.11303
                 16.2301                     0.024978844                       258.89026
                 16.2318                      0.02499687                       258.66789
                 16.2335                     0.025014768                       258.44591
                 16.2352                     0.025032539                       258.22431
                 16.2369                     0.025050184                       258.00311
                 16.2386                     0.025067704                       257.78229
                 16.2403                     0.025085099                       257.56185
                  16.242                     0.025102369                        257.3418
                 16.2437                     0.025119515                       257.12213
                 16.2454                     0.025136538                       256.90283
                 16.2471                     0.025153438                       256.68392
                 16.2488                     0.025170216                       256.46538
                 16.2505                     0.025186871                       256.24721
                 16.2522                     0.025203406                       256.02941
                 16.2539                      0.02521982                       255.81199
                 16.2556                     0.025236113                       255.59493
                 16.2573                     0.025252286                       255.37825
                  16.259                      0.02526834                       255.16192
                 16.2607                     0.025284275                       254.94596
                 16.2624                     0.025300092                       254.73037
                 16.2641                     0.025315791                       254.51513
                 16.2658                     0.025331372                       254.30025
                 16.2675                     0.025346836                       254.08574
                 16.2692                     0.025362183                       253.87157
                 16.2709                     0.025377414                       253.65776
                 16.2726                      0.02539253                       253.44431
                 16.2743                      0.02540753                       253.23121
                  16.276                     0.025422415                       253.01845
                 16.2777                     0.025437185                       252.80605
                 16.2794                     0.025451841                       252.59399
                 16.2811                     0.025466384                       252.38228
                 16.2828                     0.025480813                       252.17091
                 16.2845                     0.025495129                       251.95989
                 16.2862                     0.025509332                       251.74921
                 16.2879                     0.025523423                       251.53887
                 16.2896                     0.025537402                       251.32886
                 16.2913                     0.025551269                        251.1192
                  16.293                     0.025565025                       250.90987
                 16.2947                     0.025578671                       250.70087
                 16.2964                     0.025592205                       250.49221
                 16.2981                     0.025605629                       250.28388
                 16.2998                     0.025618943                       250.07588
                 16.3015                     0.025632148                       249.86821
                 16.3032                     0.025645243                       249.66086
                 16.3049                     0.025658229                       249.45385
                 16.3066                     0.025671106                       249.24716
                 16.3083                     0.025683874                       249.04079
                   16.31                     0.025696534                       248.83475
                 16.3117                     0.025709086                       248.62903
                 16.3134                      0.02572153                       248.42362
                 16.3151                     0.025733866                       248.21854
                 16.3168                     0.025746095                       248.01378
                 16.3185                     0.025758216                       247.80933
                 16.3202                      0.02577023                        247.6052
                 16.3219                     0.025782138                       247.40138
                 16.3236                     0.025793939                       247.19788
                 16.3253                     0.025805633                       246.99468
                  16.327                      0.02581722                        246.7918
                 16.3287                     0.025828702                       246.58923
                 16.3304                     0.025840077                       246.38697
                 16.3321                     0.025851346                       246.18501
                 16.3338                      0.02586251                       245.98336
                 16.3355                     0.025873567                       245.78202
                 16.3372                     0.025884519                       245.58098
                 16.3389                     0.025895364                       245.38024
                 16.3406                     0.025906105                       245.17981
                 16.3423                     0.025916739                       244.97967
                  16.344                     0.025927268                       244.77984
                 16.3457                     0.025937691                       244.58031
                 16.3474                     0.025948009                       244.38107
                 16.3491                      0.02595822                       244.18213
                 16.3508                     0.025968326                       243.98349
                 16.3525                     0.025978327                       243.78515
                 16.3542                     0.025988221                        243.5871
                 16.3559                      0.02599801                       243.38934
                 16.3576                     0.026007692                       243.19188
                 16.3593                     0.026017268                       242.99471
                  16.361                     0.026026738                       242.79783
                 16.3627                     0.026036101                       242.60125
                 16.3644                     0.026045358                       242.40495
                 16.3661                     0.026054508                       242.20894
                 16.3678                      0.02606355                       242.01323
                 16.3695                     0.026072486                        241.8178
                 16.3712                     0.026081313                       241.62266
                 16.3729                     0.026090033                       241.42781
                 16.3746                     0.026098644                       241.23325
                 16.3763                     0.026107147                       241.03897
                  16.378                     0.026115542                       240.84498
                 16.3797                     0.026123827                       240.65128
                 16.3814                     0.026132002                       240.45787
                 16.3831                     0.026140067                       240.26474
                 16.3848                     0.026148022                        240.0719
                 16.3865                     0.026155867                       239.87935
                 16.3882                       0.0261636                       239.68709
                 16.3899                     0.026171221                       239.49511
                 16.3916                      0.02617873                       239.30342
                 16.3933                     0.026186127                       239.11202
                  16.395                      0.02619341                       238.92091
                 16.3967                      0.02620058                       238.73009
                 16.3984                     0.026207635                       238.53957
                 16.4001                     0.026214575                       238.34933
                 16.4018                     0.026221401                       238.15939
                 16.4035                      0.02622811                       237.96974
                 16.4052                     0.026234703                       237.78039
                 16.4069                     0.026241179                       237.59133
                 16.4086                     0.026247538                       237.40258
                 16.4103                     0.026253779                       237.21413
                  16.412                     0.026259901                       237.02598
                 16.4137                     0.026265904                       236.83813
                 16.4154                     0.026271787                        236.6506
                 16.4171                     0.026277551                       236.46337
                 16.4188                     0.026283194                       236.27646
                 16.4205                     0.026288717                       236.08986
                 16.4222                     0.026294118                       235.90359
                 16.4239                     0.026299398                       235.71763
                 16.4256                     0.026304556                       235.53201
                 16.4273                     0.026309593                       235.34671
                  16.429                     0.026314507                       235.16175
                 16.4307                       0.0263193                       234.97713
                 16.4324                     0.026323971                       234.79285
                 16.4341                     0.026328521                       234.60892
                 16.4358                     0.026332949                       234.42534
                 16.4375                     0.026337257                       234.24213
                 16.4392                     0.026341445                       234.05927
                 16.4409                     0.026345513                       233.87678
                 16.4426                     0.026349462                       233.69467
                 16.4443                     0.026353295                       233.51294
                  16.446                     0.026357011                       233.33159
                 16.4477                     0.026360612                       233.15063
                 16.4494                       0.0263641                       232.97008
                 16.4511                     0.026367477                       232.78992
                 16.4528                     0.026370745                       232.61018
                 16.4545                     0.026373907                       232.43085
                 16.4562                     0.026376964                       232.25194
                 16.4579                     0.026379919                       232.07347
                 16.4596                     0.026382777                       231.89542
                 16.4613                     0.026385539                       231.71781
                  16.463                     0.026388211                       231.54065
                 16.4647                     0.026390794                       231.36394
                 16.4664                     0.026393295                       231.18768
                 16.4681                     0.026395716                       231.01188
                 16.4698                     0.026398063                       230.83654
                 16.4715                      0.02640034                       230.66167
                 16.4732                     0.026402553                       230.48726
                 16.4749                     0.026404706                       230.31332
                 16.4766                     0.026406805                       230.13985
                 16.4783                     0.026408855                       229.96686
                   16.48                     0.026410863                       229.79433
                 16.4817                     0.026412834                       229.62227
                 16.4834                     0.026414773                       229.45069
                 16.4851                     0.026416687                       229.27956
                 16.4868                     0.026418581                        229.1089
                 16.4885                     0.026420461                        228.9387
                 16.4902                     0.026422333                       228.76894
                 16.4919                     0.026424203                       228.59963
                 16.4936                     0.026426075                       228.43076
                 16.4953                     0.026427954                       228.26232
                  16.497                     0.026429847                        228.0943
                 16.4987                     0.026431757                       227.92669
                 16.5004                     0.026433689                       227.75949
                 16.5021                     0.026435647                       227.59267
                 16.5038                     0.026437634                       227.42623
                 16.5055                     0.026439654                       227.26016
                 16.5072                     0.026441709                       227.09444
                 16.5089                     0.026443803                       226.92906
                 16.5106                     0.026445936                       226.76401
                 16.5123                     0.026448111                       226.59927
                  16.514                     0.026450328                       226.43484
                 16.5157                     0.026452589                       226.27069
                 16.5174                     0.026454894                       226.10682
                 16.5191                     0.026457241                       225.94321
                 16.5208                     0.026459632                       225.77985
                 16.5225                     0.026462064                       225.61673
                 16.5242                     0.026464537                       225.45383
                 16.5259                     0.026467048                       225.29115
                 16.5276                     0.026469597                       225.12867
                 16.5293                      0.02647218                       224.96638
                  16.531                     0.026474795                       224.80427
                 16.5327                     0.026477439                       224.64234
                 16.5344                     0.026480109                       224.48057
                 16.5361                     0.026482803                       224.31895
                 16.5378                     0.026485517                       224.15749
                 16.5395                     0.026488247                       223.99617
                 16.5412                      0.02649099                       223.83499
                 16.5429                     0.026493743                       223.67393
                 16.5446                     0.026496502                       223.51301
                 16.5463                     0.026499263                        223.3522
                  16.548                     0.026502023                       223.19152
                 16.5497                     0.026504779                       223.03095
                 16.5514                     0.026507526                       222.87049
                 16.5531                     0.026510263                       222.71015
                 16.5548                     0.026512984                       222.54992
                 16.5565                     0.026515688                       222.38979
                 16.5582                      0.02651837                       222.22978
                 16.5599                     0.026521028                       222.06987
                 16.5616                     0.026523659                       221.91008
                 16.5633                      0.02652626                       221.75039
                  16.565                     0.026528829                       221.59082
                 16.5667                     0.026531363                       221.43136
                 16.5684                     0.026533859                       221.27201
                 16.5701                     0.026536316                       221.11277
                 16.5718                      0.02653873                       220.95366
                 16.5735                     0.026541101                       220.79466
                 16.5752                     0.026543426                       220.63578
                 16.5769                     0.026545703                       220.47702
                 16.5786                     0.026547931                       220.31839
                 16.5803                     0.026550109                       220.15989
                  16.582                     0.026552234                       220.00152
                 16.5837                     0.026554306                       219.84328
                 16.5854                     0.026556323                       219.68517
                 16.5871                     0.026558284                        219.5272
                 16.5888                     0.026560188                       219.36937
                 16.5905                     0.026562035                       219.21169
                 16.5922                     0.026563823                       219.05415
                 16.5939                     0.026565552                       218.89675
                 16.5956                     0.026567221                       218.73951
                 16.5973                     0.026568829                       218.58241
                  16.599                     0.026570376                       218.42547
                 16.6007                     0.026571862                       218.26869
                 16.6024                     0.026573286                       218.11207
                 16.6041                     0.026574648                       217.95561
                 16.6058                     0.026575948                       217.79931
                 16.6075                     0.026577184                       217.64317
                 16.6092                     0.026578358                       217.48721
                 16.6109                     0.026579469                       217.33141
                 16.6126                     0.026580517                       217.17579
                 16.6143                     0.026581501                       217.02033
                  16.616                     0.026582423                       216.86506
                 16.6177                     0.026583281                       216.70995
                 16.6194                     0.026584076                       216.55503
                 16.6211                     0.026584809                       216.40029
                 16.6228                     0.026585478                       216.24573
                 16.6245                     0.026586085                       216.09135
                 16.6262                     0.026586629                       215.93715
                 16.6279                      0.02658711                       215.78315
                 16.6296                     0.026587529                       215.62932
                 16.6313                     0.026587886                       215.47569
                  16.633                     0.026588181                       215.32225
                 16.6347                     0.026588415                       215.16899
                 16.6364                     0.026588587                       215.01593
                 16.6381                     0.026588698                       214.86306
                 16.6398                     0.026588748                       214.71038
                 16.6415                     0.026588737                        214.5579
                 16.6432                     0.026588666                       214.40562
                 16.6449                     0.026588534                       214.25353
                 16.6466                     0.026588343                       214.10164
                 16.6483                     0.026588092                       213.94994
                   16.65                     0.026587782                       213.79845
                 16.6517                     0.026587413                       213.64715
                 16.6534                     0.026586985                       213.49606
                 16.6551                     0.026586499                       213.34517
                 16.6568                     0.026585954                       213.19447
                 16.6585                     0.026585352                       213.04398
                 16.6602                     0.026584692                       212.89369
                 16.6619                     0.026583975                       212.74361
                 16.6636                       0.0265832                       212.59373
                 16.6653                     0.026582369                       212.44405
                  16.667                     0.026581482                       212.29458
                 16.6687                     0.026580538                       212.14531
                 16.6704                     0.026579539                       211.99625
                 16.6721                     0.026578484                       211.84739
                 16.6738                     0.026577374                       211.69874
                 16.6755                     0.026576208                        211.5503
                 16.6772                     0.026574988                       211.40206
                 16.6789                     0.026573713                       211.25404
                 16.6806                     0.026572384                       211.10621
                 16.6823                     0.026571001                        210.9586
                  16.684                     0.026569564                       210.81119
                 16.6857                     0.026568074                       210.66399
                 16.6874                      0.02656653                         210.517
                 16.6891                     0.026564934                       210.37022
                 16.6908                     0.026563284                       210.22365
                 16.6925                     0.026561582                       210.07729
                 16.6942                     0.026559828                       209.93113
                 16.6959                     0.026558021                       209.78519
                 16.6976                     0.026556163                       209.63945
                 16.6993                     0.026554253                       209.49393
                  16.701                     0.026552291                       209.34861
                 16.7027                     0.026550278                       209.20351
                 16.7044                     0.026548214                       209.05861
                 16.7061                     0.026546099                       208.91392
                 16.7078                     0.026543933                       208.76945
                 16.7095                     0.026541717                       208.62518
                 16.7112                      0.02653945                       208.48113
                 16.7129                     0.026537133                       208.33729
                 16.7146                     0.026534767                       208.19365
                 16.7163                      0.02653235                       208.05023
                  16.718                     0.026529883                       207.90702
                 16.7197                     0.026527367                       207.76402
                 16.7214                     0.026524802                       207.62123
                 16.7231                     0.026522187                       207.47865
                 16.7248                     0.026519523                       207.33629
                 16.7265                      0.02651681                       207.19413
                 16.7282                     0.026514048                       207.05219
                 16.7299                     0.026511238                       206.91045
                 16.7316                     0.026508378                       206.76893
                 16.7333                     0.026505471                       206.62762
                  16.735                     0.026502514                       206.48652
                 16.7367                      0.02649951                       206.34563
                 16.7384                     0.026496457                       206.20496
                 16.7401                     0.026493356                        206.0645
                 16.7418                     0.026490207                       205.92424
                 16.7435                      0.02648701                        205.7842
                 16.7452                     0.026483765                       205.64438
                 16.7469                     0.026480472                       205.50476
                 16.7486                     0.026477131                       205.36536
                 16.7503                     0.026473743                       205.22616
                  16.752                     0.026470307                       205.08719
                 16.7537                     0.026466823                       204.94842
                 16.7554                     0.026463292                       204.80986
                 16.7571                     0.026459713                       204.67152
                 16.7588                     0.026456087                       204.53339
                 16.7605                     0.026452413                       204.39547
                 16.7622                     0.026448692                       204.25777
                 16.7639                     0.026444923                       204.12027
                 16.7656                     0.026441107                         203.983
                 16.7673                     0.026437244                       203.84593
                  16.769                     0.026433333                       203.70907
                 16.7707                     0.026429375                       203.57243
                 16.7724                     0.026425369                       203.43601
                 16.7741                     0.026421316                       203.29979
                 16.7758                     0.026417215                       203.16379
                 16.7775                     0.026413067                         203.028
                 16.7792                     0.026408871                       202.89243
                 16.7809                     0.026404628                       202.75707
                 16.7826                     0.026400337                       202.62192
                 16.7843                     0.026395999                       202.48699
                  16.786                     0.026391613                       202.35227
                 16.7877                     0.026387179                       202.21776
                 16.7894                     0.026382698                       202.08347
                 16.7911                     0.026378168                        201.9494
                 16.7928                     0.026373591                       201.81554
                 16.7945                     0.026368966                       201.68189
                 16.7962                     0.026364292                       201.54846
                 16.7979                     0.026359571                       201.41524
                 16.7996                     0.026354801                       201.28224
                 16.8013                     0.026349983                       201.14945
                  16.803                     0.026345116                       201.01688
                 16.8047                     0.026340201                       200.88452
                 16.8064                     0.026335237                       200.75238
                 16.8081                     0.026330224                       200.62046
                 16.8098                     0.026325163                       200.48875
                 16.8115                     0.026320052                       200.35726
                 16.8132                     0.026314892                       200.22599
                 16.8149                     0.026309683                       200.09493
                 16.8166                     0.026304424                       199.96409
                 16.8183                     0.026299115                       199.83346
                   16.82                     0.026293757                       199.70306
                 16.8217                     0.026288349                       199.57287
                 16.8234                      0.02628289                        199.4429
                 16.8251                     0.026277381                       199.31315
                 16.8268                     0.026271822                       199.18361
                 16.8285                     0.026266212                        199.0543
                 16.8302                     0.026260551                        198.9252
                 16.8319                     0.026254839                       198.79633
                 16.8336                     0.026249075                       198.66767
                 16.8353                      0.02624326                       198.53923
                  16.837                     0.026237394                       198.41101
                 16.8387                     0.026231475                       198.28302
                 16.8404                     0.026225504                       198.15524
                 16.8421                      0.02621948                       198.02769
                 16.8438                     0.026213404                       197.90035
                 16.8455                     0.026207275                       197.77324
                 16.8472                     0.026201092                       197.64635
                 16.8489                     0.026194856                       197.51968
                 16.8506                     0.026188566                       197.39324
                 16.8523                     0.026182222                       197.26702
                  16.854                     0.026175824                       197.14102
                 16.8557                     0.026169371                       197.01525
                 16.8574                     0.026162863                        196.8897
                 16.8591                     0.026156299                       196.76437
                 16.8608                      0.02614968                       196.63927
                 16.8625                     0.026143005                       196.51439
                 16.8642                     0.026136274                       196.38975
                 16.8659                     0.026129486                       196.26532
                 16.8676                     0.026122641                       196.14113
                 16.8693                     0.026115739                       196.01716
                  16.871                     0.026108779                       195.89342
                 16.8727                     0.026101761                        195.7699
                 16.8744                     0.026094685                       195.64662
                 16.8761                      0.02608755                       195.52356
                 16.8778                     0.026080355                       195.40074
                 16.8795                     0.026073101                       195.27814
                 16.8812                     0.026065787                       195.15578
                 16.8829                     0.026058412                       195.03364
                 16.8846                     0.026050976                       194.91174
                 16.8863                     0.026043479                       194.79007
                  16.888                     0.026035921                       194.66863
                 16.8897                       0.0260283                       194.54743
                 16.8914                     0.026020616                       194.42646
                 16.8931                     0.026012869                       194.30573
                 16.8948                     0.026005058                       194.18523
                 16.8965                     0.025997184                       194.06496
                 16.8982                     0.025989244                       193.94493
                 16.8999                      0.02598124                       193.82514
                 16.9016                     0.025973169                       193.70559
                 16.9033                     0.025965033                       193.58627
                  16.905                     0.025956829                        193.4672
                 16.9067                     0.025948559                       193.34836
                 16.9084                      0.02594022                       193.22977
                 16.9101                     0.025931813                       193.11141
                 16.9118                     0.025923337                        192.9933
                 16.9135                     0.025914792                       192.87543
                 16.9152                     0.025906176                        192.7578
                 16.9169                      0.02589749                       192.64042
                 16.9186                     0.025888732                       192.52328
                 16.9203                     0.025879902                       192.40639
                  16.922                     0.025870999                       192.28974
                 16.9237                     0.025862023                       192.17334
                 16.9254                     0.025852973                       192.05719
                 16.9271                     0.025843848                       191.94129
                 16.9288                     0.025834648                       191.82564
                 16.9305                     0.025825371                       191.71024
                 16.9322                     0.025816019                       191.59509
                 16.9339                     0.025806588                       191.48019
                 16.9356                     0.025797079                       191.36555
                 16.9373                     0.025787492                       191.25116
                  16.939                     0.025777824                       191.13702
                 16.9407                     0.025768076                       191.02315
                 16.9424                     0.025758247                       190.90953
                 16.9441                     0.025748336                       190.79616
                 16.9458                     0.025738342                       190.68306
                 16.9475                     0.025728264                       190.57022
                 16.9492                     0.025718102                       190.45764
                 16.9509                     0.025707854                       190.34532
                 16.9526                     0.025697521                       190.23327
                 16.9543                       0.0256871                       190.12148
                  16.956                     0.025676591                       190.00995
                 16.9577                     0.025665993                        189.8987
                 16.9594                     0.025655305                       189.78771
                 16.9611                     0.025644527                       189.67699
                 16.9628                     0.025633657                       189.56654
                 16.9645                     0.025622694                       189.45636
                 16.9662                     0.025611638                       189.34646
                 16.9679                     0.025600487                       189.23683
                 16.9696                     0.025589241                       189.12748
                 16.9713                     0.025577898                        189.0184
                  16.973                     0.025566458                       188.90961
                 16.9747                     0.025554918                       188.80109
                 16.9764                     0.025543279                       188.69285
                 16.9781                     0.025531539                        188.5849
                 16.9798                     0.025519698                       188.47723
                 16.9815                     0.025507753                       188.36984
                 16.9832                     0.025495704                       188.26275
                 16.9849                     0.025483549                       188.15594
                 16.9866                     0.025471288                       188.04942
                 16.9883                      0.02545892                       187.94319
                   16.99                     0.025446442                       187.83726
                 16.9917                     0.025433855                       187.73162
                 16.9934                     0.025421156                       187.62628
                 16.9951                     0.025408344                       187.52124
                 16.9968                     0.025395419                       187.41649
                 16.9985                     0.025382378                       187.31205
                 17.0002                     0.025369221                       187.20791
                 17.0019                     0.025355946                       187.10408
                 17.0036                     0.025342552                       187.00056
                 17.0053                     0.025329037                       186.89734
                  17.007                     0.025315401                       186.79444
                 17.0087                      0.02530164                       186.69184
                 17.0104                     0.025287755                       186.58957
                 17.0121                     0.025273744                       186.48761
                 17.0138                     0.025259605                       186.38597
                 17.0155                     0.025245337                       186.28465
                 17.0172                     0.025230937                       186.18365
                 17.0189                     0.025216406                       186.08298
                 17.0206                      0.02520174                       185.98264
                 17.0223                     0.025186939                       185.88262
                  17.024                     0.025172001                       185.78294
                 17.0257                     0.025156923                        185.6836
                 17.0274                     0.025141706                       185.58459
                 17.0291                     0.025126346                       185.48592
                 17.0308                     0.025110842                       185.38759
                 17.0325                     0.025095192                       185.28961
                 17.0342                     0.025079395                       185.19197
                 17.0359                     0.025063449                       185.09468
                 17.0376                     0.025047352                       184.99775
                 17.0393                     0.025031101                       184.90117
                  17.041                     0.025014696                       184.80494
                 17.0427                     0.024998134                       184.70908
                 17.0444                     0.024981414                       184.61358
                 17.0461                     0.024964532                       184.51845
                 17.0478                     0.024947488                       184.42369
                 17.0495                      0.02493028                        184.3293
                 17.0512                     0.024912904                       184.23528
                 17.0529                      0.02489536                       184.14164
                 17.0546                     0.024877644                       184.04839
                 17.0563                     0.024859756                       183.95552
                  17.058                     0.024841692                       183.86303
                 17.0597                      0.02482345                       183.77094
                 17.0614                     0.024805029                       183.67925
                 17.0631                     0.024786426                       183.58795
                 17.0648                     0.024767638                       183.49706
                 17.0665                     0.024748663                       183.40657
                 17.0682                     0.024729499                       183.31649
                 17.0699                     0.024710143                       183.22683
                 17.0716                     0.024690594                       183.13758
                 17.0733                     0.024670847                       183.04875
                  17.075                     0.024650902                       182.96035
                 17.0767                     0.024630754                       182.87238
                 17.0784                     0.024610402                       182.78485
                 17.0801                     0.024589844                       182.69775
                 17.0818                     0.024569075                        182.6111
                 17.0835                     0.024548094                       182.52489
                 17.0852                     0.024526897                       182.43913
                 17.0869                     0.024505482                       182.35383
                 17.0886                     0.024483846                         182.269
                 17.0903                     0.024461986                       182.18463
                  17.092                       0.0244399                       182.10073
                 17.0937                     0.024417583                       182.01731
                 17.0954                     0.024395033                       181.93437
                 17.0971                     0.024372247                       181.85191
                 17.0988                     0.024349222                       181.76995
                 17.1005                     0.024325954                       181.68849
                 17.1022                      0.02430244                       181.60753
                 17.1039                     0.024278677                       181.52708
                 17.1056                     0.024254662                       181.44715
                 17.1073                     0.024230391                       181.36774
                  17.109                      0.02420586                       181.28886
                 17.1107                     0.024181066                       181.21051
                 17.1124                     0.024156007                       181.13271
                 17.1141                     0.024130676                       181.05545
                 17.1158                     0.024105072                       180.97875
                 17.1175                     0.024079191                        180.9026
                 17.1192                     0.024053028                       180.82703
                 17.1209                      0.02402658                       180.75204
                 17.1226                     0.023999843                       180.67762
                 17.1243                     0.023972812                        180.6038
                  17.126                     0.023945484                       180.53058
                 17.1277                     0.023917855                       180.45797
                 17.1294                      0.02388992                       180.38597
                 17.1311                     0.023861675                        180.3146
                 17.1328                     0.023833116                       180.24386
                 17.1345                     0.023804239                       180.17376
                 17.1362                     0.023775038                       180.10431
                 17.1379                      0.02374551                       180.03553
                 17.1396                     0.023715649                       179.96741
                 17.1413                     0.023685452                       179.89997
                  17.143                     0.023654912                       179.83322
                 17.1447                     0.023624027                       179.76718
                 17.1464                     0.023592789                       179.70184
                 17.1481                     0.023561195                       179.63723
                 17.1498                      0.02352924                       179.57334
                 17.1515                     0.023496917                       179.51021
                 17.1532                     0.023464223                       179.44782
                 17.1549                     0.023431151                       179.38621
                 17.1566                     0.023397696                       179.32538
                 17.1583                     0.023363853                       179.26533
                   17.16                     0.023329616                        179.2061
                 17.1617                     0.023294979                       179.14768
                 17.1634                     0.023259936                        179.0901
                 17.1651                     0.023224482                       179.03337
                 17.1668                     0.023188611                        178.9775
                 17.1685                     0.023152316                        178.9225
                 17.1702                     0.023115591                       178.86839
                 17.1719                      0.02307843                        178.8152
                 17.1736                     0.023040827                       178.76293
                 17.1753                     0.023002774                        178.7116
                  17.177                     0.022964266                       178.66122
                 17.1787                     0.022925296                       178.61182
                 17.1804                     0.022885856                       178.56342
                 17.1821                      0.02284594                       178.51603
                 17.1838                      0.02280554                       178.46967
                 17.1855                      0.02276465                       178.42436
                 17.1872                     0.022723262                       178.38012
                 17.1889                     0.022681368                       178.33698
                 17.1906                     0.022638962                       178.29495
                 17.1923                     0.022596034                       178.25405
                  17.194                     0.022552579                       178.21432
                 17.1957                     0.022508586                       178.17577
                 17.1974                     0.022464049                       178.13843
                 17.1991                     0.022418959                       178.10232
                 17.2008                     0.022373308                       178.06747
                 17.2025                     0.022327087                       178.03391
                 17.2042                     0.022280288                       178.00166
                 17.2059                     0.022232901                       177.97075
                 17.2076                     0.022184918                       177.94121
                 17.2093                     0.022136329                       177.91307
                  17.211                     0.022087126                       177.88637
                 17.2127                     0.022037298                       177.86113
                 17.2144                     0.021986837                       177.83739
                 17.2161                     0.021935732                       177.81519
                 17.2178                     0.021883974                       177.79456
                 17.2195                     0.021831552                       177.77553
                 17.2212                     0.021778457                       177.75814
                 17.2229                     0.021724677                       177.74244
                 17.2246                     0.021670203                       177.72847
                 17.2263                     0.021615023                       177.71627
                  17.228                     0.021559127                       177.70587
                 17.2297                     0.021502503                       177.69734
                 17.2314                      0.02144514                        177.6907
                 17.2331                     0.021387027                       177.68602
                 17.2348                     0.021328152                       177.68335
                 17.2365                     0.021268503                       177.68273
                 17.2382                     0.021208069                       177.68422
                 17.2399                     0.021146836                       177.68788
                 17.2416                     0.021084793                       177.69376
                 17.2433                     0.021021927                       177.70193
                  17.245                     0.020958226                       177.71245
                 17.2467                     0.020893675                       177.72538
                 17.2484                     0.020828263                       177.74079
                 17.2501                     0.020761976                       177.75876
                 17.2518                       0.0206948                       177.77935
                 17.2535                     0.020626722                       177.80265
                 17.2552                     0.020557728                       177.82873
                 17.2569                     0.020487803                       177.85767
                 17.2586                     0.020416934                       177.88957
                 17.2603                     0.020345106                        177.9245
                  17.262                     0.020272305                       177.96256
                 17.2637                     0.020198515                       178.00386
                 17.2654                     0.020123723                       178.04848
                 17.2671                     0.020047912                       178.09655
                 17.2688                     0.019971068                       178.14815
                 17.2705                     0.019893176                       178.20342
                 17.2722                      0.01981422                       178.26247
                 17.2739                     0.019734184                       178.32542
                 17.2756                     0.019653054                       178.39241
                 17.2773                     0.019570812                       178.46357
                  17.279                     0.019487444                       178.53905
                 17.2807                     0.019402934                       178.61898
                 17.2824                     0.019317265                       178.70353
                 17.2841                     0.019230422                       178.79287
                 17.2858                     0.019142389                       178.88715
                 17.2875                      0.01905315                       178.98656
                 17.2892                      0.01896269                       179.09129
                 17.2909                     0.018870993                       179.20153
                 17.2926                     0.018778043                       179.31749
                 17.2943                     0.018683825                       179.43937
                  17.296                     0.018588325                       179.56742
                 17.2977                     0.018491528                       179.70185
                 17.2994                     0.018393418                       179.84294
                 17.3011                     0.018293983                       179.99092
                 17.3028                     0.018193209                       180.14608
                 17.3045                     0.018091083                       180.30871
                 17.3062                     0.017987592                       180.47911
                 17.3079                     0.017882727                        180.6576
                 17.3096                     0.017776474                       180.84451
                 17.3113                     0.017668827                        181.0402
                  17.313                     0.017559774                       181.24505
                 17.3147                      0.01744931                       181.45944
                 17.3164                     0.017337429                       181.68379
                 17.3181                     0.017224126                       181.91854
                 17.3198                     0.017109398                       182.16414
                 17.3215                     0.016993246                       182.42109
                 17.3232                     0.016875669                       182.68989
                 17.3249                     0.016756674                        182.9711
                 17.3266                     0.016636266                       183.26527
                 17.3283                     0.016514454                       183.57303
                   17.33                     0.016391253                         183.895
                 17.3317                      0.01626668                       184.23187
                 17.3334                     0.016140754                       184.58436
                 17.3351                     0.016013502                       184.95321
                 17.3368                     0.015884955                       185.33923
                 17.3385                     0.015755148                       185.74328
                 17.3402                     0.015624126                       186.16623
                 17.3419                     0.015491936                       186.60905
                 17.3436                     0.015358637                       187.07274
                 17.3453                     0.015224295                       187.55836
                  17.347                     0.015088985                       188.06703
                 17.3487                     0.014952792                       188.59994
                 17.3504                     0.014815813                       189.15833
                 17.3521                      0.01467816                       189.74354
                 17.3538                     0.014539954                       190.35695
                 17.3555                     0.014401336                       191.00003
                 17.3572                     0.014262462                       191.67433
                 17.3589                     0.014123506                       192.38146
                 17.3606                     0.013984666                       193.12313
                 17.3623                     0.013846158                       193.90111
                  17.364                     0.013708227                       194.71726
                 17.3657                     0.013571142                        195.5735
                 17.3674                     0.013435204                       196.47182
                 17.3691                     0.013300747                       197.41428
                 17.3708                     0.013168137                         198.403
                 17.3725                     0.013037783                        199.4401
                 17.3742                     0.012910133                       200.52777
                 17.3759                     0.012785681                       201.66815
                 17.3776                     0.012664969                       202.86341
                 17.3793                     0.012548591                       204.11561
                  17.381                     0.012437196                       205.42674
                 17.3827                      0.01233149                       206.79866
                 17.3844                     0.012232242                         208.233
                 17.3861                     0.012140283                       209.73118
                 17.3878                     0.012056509                       211.29426
                 17.3895                     0.011981881                       212.92295
                 17.3912                     0.011917429                       214.61745
                 17.3929                     0.011864243                       216.37745
                 17.3946                     0.011823478                         218.202
                 17.3963                     0.011796348                       220.08942
                  17.398                     0.011784117                        222.0373
                 17.3997                     0.011788095                       224.04238
                 17.4014                     0.011809628                       226.10055
                 17.4031                     0.011850088                        228.2068
                 17.4048                     0.011910862                        230.3553
                 17.4065                     0.011993336                       232.53939
                 17.4082                     0.012098887                       234.75168
                 17.4099                     0.012228869                       236.98417
                 17.4116                     0.012384603                       239.22842
                 17.4133                     0.012567362                       241.47564
                  17.415                     0.012778371                       243.71697
                 17.4167                     0.013018798                       245.94358
                 17.4184                     0.013289752                       248.14692
                 17.4201                     0.013592288                       250.31887
                 17.4218                     0.013927407                       252.45187
                 17.4235                     0.014296065                       254.53908
                 17.4252                     0.014699186                       256.57442
                 17.4269                     0.015137669                       258.55267
                 17.4286                     0.015612406                       260.46946
                 17.4303                     0.016124294                       262.32129
                  17.432                     0.016674254                       264.10548
                 17.4337                     0.017263243                       265.82011
                 17.4354                     0.017892274                       267.46399
                 17.4371                      0.01856243                       269.03655
                 17.4388                     0.019274881                       270.53775
                 17.4405                     0.020030898                       271.96806
                 17.4422                     0.020831872                       273.32832
                 17.4439                     0.021679329                       274.61969
                 17.4456                     0.022574944                       275.84358
                 17.4473                      0.02352056                       277.00158
                  17.449                     0.024518203                       278.09543
                 17.4507                     0.025570103                       279.12693
                 17.4524                     0.026678712                       280.09795
                 17.4541                     0.027846726                       281.01035
                 17.4558                     0.029077107                       281.86597
                 17.4575                      0.03037311                       282.66661
                 17.4592                     0.031738315                       283.41399
                 17.4609                     0.033176651                       284.10976
                 17.4626                     0.034692442                       284.75548
                 17.4643                     0.036290441                       285.35258
                  17.466                     0.037975881                       285.90237
                 17.4677                     0.039754525                       286.40606
                 17.4694                      0.04163273                        286.8647
                 17.4711                     0.043617516                        287.2792
                 17.4728                     0.045716645                       287.65032
                 17.4745                     0.047938713                       287.97868
                 17.4762                     0.050293259                       288.26471
                 17.4779                     0.052790887                       288.50866
                 17.4796                     0.055443412                       288.71062
                 17.4813                     0.058264025                       288.87046
                  17.483                     0.061267495                       288.98781
                 17.4847                     0.064470395                        289.0621
                 17.4864                     0.067891379                       289.09247
                 17.4881                     0.071551502                       289.07777
                 17.4898                     0.075474609                       289.01653
                 17.4915                     0.079687788                       288.90689
                 17.4932                     0.084221924                       288.74659
                 17.4949                     0.089112356                       288.53284
                 17.4966                      0.09439968                       288.26231
                 17.4983                      0.10013072                       287.93096
                    17.5                      0.10635969                       287.53398

