                        S2(3),1(1)/abs,linear                S2(3),1(1)/arg,degrees
----------------------------------------------------------------------------------------------------------------
                    15.8                      0.94221693                       51.925817
                 15.8017                      0.94385544                       51.318545
                 15.8034                       0.9454347                        50.71724
                 15.8051                      0.94695702                       50.121771
                 15.8068                      0.94842456                       49.532013
                 15.8085                      0.94983944                       48.947842
                 15.8102                      0.95120368                       48.369135
                 15.8119                       0.9525192                       47.795776
                 15.8136                      0.95378786                       47.227649
                 15.8153                      0.95501146                        46.66464
                  15.817                      0.95619169                       46.106641
                 15.8187                      0.95733021                       45.553542
                 15.8204                      0.95842858                       45.005241
                 15.8221                      0.95948831                       44.461633
                 15.8238                      0.96051087                       43.922619
                 15.8255                      0.96149763                       43.388101
                 15.8272                      0.96244995                       42.857986
                 15.8289                      0.96336909                       42.332179
                 15.8306                      0.96425629                        41.81059
                 15.8323                      0.96511274                       41.293132
                  15.834                      0.96593956                       40.779718
                 15.8357                      0.96673785                       40.270264
                 15.8374                      0.96750865                       39.764689
                 15.8391                      0.96825297                       39.262912
                 15.8408                      0.96897177                       38.764856
                 15.8425                      0.96966597                       38.270446
                 15.8442                      0.97033647                       37.779607
                 15.8459                      0.97098413                       37.292267
                 15.8476                      0.97160975                       36.808356
                 15.8493                      0.97221413                       36.327805
                  15.851                      0.97279803                       35.850549
                 15.8527                      0.97336217                       35.376521
                 15.8544                      0.97390726                       34.905658
                 15.8561                      0.97443397                       34.437898
                 15.8578                      0.97494294                       33.973181
                 15.8595                       0.9754348                       33.511448
                 15.8612                      0.97591014                       33.052642
                 15.8629                      0.97636954                       32.596706
                 15.8646                      0.97681356                       32.143586
                 15.8663                      0.97724271                       31.693229
                  15.868                      0.97765752                       31.245583
                 15.8697                      0.97805848                       30.800597
                 15.8714                      0.97844605                       30.358222
                 15.8731                      0.97882071                        29.91841
                 15.8748                      0.97918287                       29.481113
                 15.8765                      0.97953298                       29.046286
                 15.8782                      0.97987143                       28.613883
                 15.8799                      0.98019861                       28.183862
                 15.8816                      0.98051491                        27.75618
                 15.8833                      0.98082069                       27.330794
                  15.885                      0.98111629                       26.907665
                 15.8867                      0.98140205                       26.486753
                 15.8884                       0.9816783                       26.068018
                 15.8901                      0.98194535                       25.651424
                 15.8918                      0.98220351                       25.236934
                 15.8935                      0.98245306                        24.82451
                 15.8952                      0.98269428                       24.414119
                 15.8969                      0.98292745                       24.005726
                 15.8986                      0.98315282                       23.599297
                 15.9003                      0.98337064                         23.1948
                  15.902                      0.98358117                       22.792202
                 15.9037                      0.98378463                       22.391472
                 15.9054                      0.98398125                       21.992581
                 15.9071                      0.98417125                       21.595497
                 15.9088                      0.98435483                       21.200192
                 15.9105                      0.98453221                       20.806637
                 15.9122                      0.98470357                       20.414804
                 15.9139                      0.98486911                       20.024667
                 15.9156                        0.985029                       19.636198
                 15.9173                      0.98518343                       19.249371
                  15.919                      0.98533257                       18.864162
                 15.9207                      0.98547658                       18.480544
                 15.9224                      0.98561562                       18.098495
                 15.9241                      0.98574985                       17.717989
                 15.9258                       0.9858794                       17.339005
                 15.9275                      0.98600444                       16.961518
                 15.9292                      0.98612508                       16.585507
                 15.9309                      0.98624148                       16.210949
                 15.9326                      0.98635376                       15.837825
                 15.9343                      0.98646205                       15.466112
                  15.936                      0.98656646                        15.09579
                 15.9377                      0.98666712                       14.726839
                 15.9394                      0.98676414                       14.359241
                 15.9411                      0.98685763                       13.992974
                 15.9428                       0.9869477                       13.628022
                 15.9445                      0.98703444                       13.264365
                 15.9462                      0.98711797                       12.901985
                 15.9479                      0.98719837                       12.540865
                 15.9496                      0.98727574                       12.180988
                 15.9513                      0.98735018                       11.822336
                  15.953                      0.98742176                       11.464893
                 15.9547                      0.98749058                       11.108643
                 15.9564                      0.98755672                       10.753571
                 15.9581                      0.98762025                       10.399659
                 15.9598                      0.98768126                       10.046894
                 15.9615                      0.98773981                       9.6952599
                 15.9632                      0.98779599                       9.3447423
                 15.9649                      0.98784987                       8.9953269
                 15.9666                      0.98790151                       8.6469995
                 15.9683                      0.98795097                       8.2997464
                   15.97                      0.98799833                       7.9535539
                 15.9717                      0.98804365                       7.6084088
                 15.9734                      0.98808698                       7.2642981
                 15.9751                      0.98812839                        6.921209
                 15.9768                      0.98816793                       6.5791289
                 15.9785                      0.98820566                       6.2380456
                 15.9802                      0.98824164                        5.897947
                 15.9819                      0.98827591                       5.5588211
                 15.9836                      0.98830852                       5.2206565
                 15.9853                      0.98833953                       4.8834417
                  15.987                      0.98836898                       4.5471655
                 15.9887                      0.98839693                       4.2118169
                 15.9904                      0.98842341                       3.8773851
                 15.9921                      0.98844847                       3.5438595
                 15.9938                      0.98847215                       3.2112298
                 15.9955                      0.98849449                       2.8794857
                 15.9972                      0.98851554                       2.5486172
                 15.9989                      0.98853533                       2.2186145
                 16.0006                       0.9885539                       1.8894677
                 16.0023                       0.9885713                       1.5611676
                  16.004                      0.98858754                       1.2337046
                 16.0057                      0.98860268                      0.90706974
                 16.0074                      0.98861675                      0.58125384
                 16.0091                      0.98862977                      0.25624811
                 16.0108                      0.98864178                       359.93204
                 16.0125                      0.98865281                       359.60863
                 16.0142                       0.9886629                       359.28601
                 16.0159                      0.98867206                       358.96415
                 16.0176                      0.98868034                       358.64307
                 16.0193                      0.98868776                       358.32275
                  16.021                      0.98869435                       358.00318
                 16.0227                      0.98870013                       357.68435
                 16.0244                      0.98870513                       357.36626
                 16.0261                      0.98870938                        357.0489
                 16.0278                       0.9887129                       356.73227
                 16.0295                      0.98871572                       356.41634
                 16.0312                      0.98871786                       356.10113
                 16.0329                      0.98871933                       355.78661
                 16.0346                      0.98872018                       355.47279
                 16.0363                       0.9887204                       355.15966
                  16.038                      0.98872004                        354.8472
                 16.0397                      0.98871911                       354.53542
                 16.0414                      0.98871762                       354.22431
                 16.0431                      0.98871561                       353.91386
                 16.0448                      0.98871308                       353.60406
                 16.0465                      0.98871006                       353.29491
                 16.0482                      0.98870656                       352.98641
                 16.0499                      0.98870261                       352.67853
                 16.0516                      0.98869822                       352.37129
                 16.0533                      0.98869341                       352.06468
                  16.055                      0.98868819                       351.75868
                 16.0567                      0.98868259                        351.4533
                 16.0584                      0.98867661                       351.14852
                 16.0601                      0.98867027                       350.84435
                 16.0618                       0.9886636                       350.54077
                 16.0635                      0.98865659                       350.23778
                 16.0652                      0.98864927                       349.93538
                 16.0669                      0.98864166                       349.63356
                 16.0686                      0.98863376                       349.33232
                 16.0703                      0.98862559                       349.03164
                  16.072                      0.98861716                       348.73154
                 16.0737                      0.98860848                       348.43199
                 16.0754                      0.98859958                         348.133
                 16.0771                      0.98859045                       347.83456
                 16.0788                      0.98858112                       347.53667
                 16.0805                      0.98857159                       347.23932
                 16.0822                      0.98856187                       346.94251
                 16.0839                      0.98855198                       346.64623
                 16.0856                      0.98854193                       346.35047
                 16.0873                      0.98853173                       346.05525
                  16.089                      0.98852138                       345.76054
                 16.0907                      0.98851091                       345.46635
                 16.0924                      0.98850031                       345.17267
                 16.0941                      0.98848961                       344.87949
                 16.0958                       0.9884788                       344.58682
                 16.0975                       0.9884679                       344.29465
                 16.0992                      0.98845691                       344.00297
                 16.1009                      0.98844586                       343.71178
                 16.1026                      0.98843473                       343.42108
                 16.1043                      0.98842356                       343.13087
                  16.106                      0.98841233                       342.84113
                 16.1077                      0.98840106                       342.55187
                 16.1094                      0.98838976                       342.26307
                 16.1111                      0.98837844                       341.97475
                 16.1128                       0.9883671                       341.68689
                 16.1145                      0.98835576                        341.3995
                 16.1162                      0.98834441                       341.11256
                 16.1179                      0.98833306                       340.82607
                 16.1196                      0.98832173                       340.54003
                 16.1213                      0.98831042                       340.25445
                  16.123                      0.98829914                        339.9693
                 16.1247                      0.98828789                       339.68459
                 16.1264                      0.98827668                       339.40033
                 16.1281                      0.98826551                       339.11649
                 16.1298                      0.98825439                       338.83308
                 16.1315                      0.98824334                       338.55011
                 16.1332                      0.98823234                       338.26755
                 16.1349                      0.98822142                       337.98542
                 16.1366                      0.98821056                        337.7037
                 16.1383                      0.98819979                        337.4224
                   16.14                      0.98818911                       337.14151
                 16.1417                      0.98817851                       336.86103
                 16.1434                      0.98816801                       336.58095
                 16.1451                      0.98815761                       336.30128
                 16.1468                      0.98814732                         336.022
                 16.1485                      0.98813714                       335.74313
                 16.1502                      0.98812707                       335.46464
                 16.1519                      0.98811711                       335.18655
                 16.1536                      0.98810729                       334.90885
                 16.1553                      0.98809759                       334.63153
                  16.157                      0.98808802                       334.35459
                 16.1587                      0.98807858                       334.07803
                 16.1604                      0.98806929                       333.80186
                 16.1621                      0.98806013                       333.52605
                 16.1638                      0.98805113                       333.25062
                 16.1655                      0.98804227                       332.97555
                 16.1672                      0.98803357                       332.70086
                 16.1689                      0.98802502                       332.42653
                 16.1706                      0.98801663                       332.15255
                 16.1723                      0.98800841                       331.87894
                  16.174                      0.98800035                       331.60569
                 16.1757                      0.98799246                       331.33279
                 16.1774                      0.98798474                       331.06024
                 16.1791                       0.9879772                       330.78804
                 16.1808                      0.98796983                       330.51618
                 16.1825                      0.98796264                       330.24467
                 16.1842                      0.98795564                        329.9735
                 16.1859                      0.98794881                       329.70268
                 16.1876                      0.98794217                       329.43219
                 16.1893                      0.98793572                       329.16203
                  16.191                      0.98792946                       328.89221
                 16.1927                      0.98792339                       328.62271
                 16.1944                      0.98791752                       328.35355
                 16.1961                      0.98791184                       328.08471
                 16.1978                      0.98790635                       327.81619
                 16.1995                      0.98790106                         327.548
                 16.2012                      0.98789597                       327.28013
                 16.2029                      0.98789108                       327.01257
                 16.2046                       0.9878864                       326.74532
                 16.2063                      0.98788191                       326.47839
                  16.208                      0.98787763                       326.21178
                 16.2097                      0.98787355                       325.94546
                 16.2114                      0.98786967                       325.67946
                 16.2131                        0.987866                       325.41376
                 16.2148                      0.98786253                       325.14836
                 16.2165                      0.98785927                       324.88326
                 16.2182                      0.98785622                       324.61846
                 16.2199                      0.98785337                       324.35396
                 16.2216                      0.98785073                       324.08975
                 16.2233                      0.98784829                       323.82583
                  16.225                      0.98784606                       323.56221
                 16.2267                      0.98784403                       323.29887
                 16.2284                      0.98784221                       323.03581
                 16.2301                      0.98784059                       322.77305
                 16.2318                      0.98783917                       322.51056
                 16.2335                      0.98783795                       322.24836
                 16.2352                      0.98783694                       321.98643
                 16.2369                      0.98783613                       321.72478
                 16.2386                      0.98783551                        321.4634
                 16.2403                      0.98783509                        321.2023
                  16.242                      0.98783487                       320.94147
                 16.2437                      0.98783484                       320.68091
                 16.2454                        0.987835                       320.42061
                 16.2471                      0.98783536                       320.16058
                 16.2488                       0.9878359                       319.90082
                 16.2505                      0.98783662                       319.64131
                 16.2522                      0.98783753                       319.38207
                 16.2539                      0.98783863                       319.12309
                 16.2556                      0.98783989                       318.86436
                 16.2573                      0.98784134                       318.60589
                  16.259                      0.98784295                       318.34767
                 16.2607                      0.98784474                        318.0897
                 16.2624                      0.98784669                       317.83198
                 16.2641                       0.9878488                       317.57451
                 16.2658                      0.98785108                       317.31729
                 16.2675                       0.9878535                       317.06031
                 16.2692                      0.98785608                       316.80357
                 16.2709                       0.9878588                       316.54708
                 16.2726                      0.98786167                       316.29083
                 16.2743                      0.98786467                       316.03481
                  16.276                       0.9878678                       315.77903
                 16.2777                      0.98787106                       315.52349
                 16.2794                      0.98787445                       315.26817
                 16.2811                      0.98787795                       315.01309
                 16.2828                      0.98788156                       314.75824
                 16.2845                      0.98788528                       314.50362
                 16.2862                       0.9878891                       314.24923
                 16.2879                      0.98789301                       313.99506
                 16.2896                      0.98789701                       313.74112
                 16.2913                      0.98790109                        313.4874
                  16.293                      0.98790524                        313.2339
                 16.2947                      0.98790945                       312.98061
                 16.2964                      0.98791373                       312.72755
                 16.2981                      0.98791806                        312.4747
                 16.2998                      0.98792243                       312.22207
                 16.3015                      0.98792683                       311.96965
                 16.3032                      0.98793127                       311.71745
                 16.3049                      0.98793572                       311.46545
                 16.3066                      0.98794017                       311.21367
                 16.3083                      0.98794463                       310.96209
                   16.31                      0.98794908                       310.71072
                 16.3117                      0.98795351                       310.45956
                 16.3134                      0.98795791                        310.2086
                 16.3151                      0.98796227                       309.95784
                 16.3168                      0.98796658                       309.70728
                 16.3185                      0.98797083                       309.45693
                 16.3202                      0.98797501                       309.20677
                 16.3219                       0.9879791                       308.95681
                 16.3236                       0.9879831                       308.70705
                 16.3253                      0.98798699                       308.45748
                  16.327                      0.98799076                        308.2081
                 16.3287                      0.98799439                       307.95892
                 16.3304                      0.98799789                       307.70994
                 16.3321                      0.98800122                       307.46114
                 16.3338                      0.98800438                       307.21253
                 16.3355                      0.98800735                       306.96411
                 16.3372                      0.98801012                       306.71588
                 16.3389                      0.98801267                       306.46783
                 16.3406                        0.988015                       306.21998
                 16.3423                      0.98801708                        305.9723
                  16.344                       0.9880189                       305.72481
                 16.3457                      0.98802044                        305.4775
                 16.3474                      0.98802168                       305.23038
                 16.3491                      0.98802262                       304.98343
                 16.3508                      0.98802323                       304.73667
                 16.3525                       0.9880235                       304.49009
                 16.3542                      0.98802341                       304.24368
                 16.3559                      0.98802294                       303.99746
                 16.3576                      0.98802207                       303.75141
                 16.3593                       0.9880208                       303.50554
                  16.361                      0.98801908                       303.25985
                 16.3627                      0.98801692                       303.01433
                 16.3644                      0.98801429                       302.76899
                 16.3661                      0.98801118                       302.52383
                 16.3678                      0.98800755                       302.27884
                 16.3695                       0.9880034                       302.03402
                 16.3712                      0.98799871                       301.78938
                 16.3729                      0.98799345                       301.54492
                 16.3746                       0.9879876                       301.30063
                 16.3763                      0.98798116                       301.05651
                  16.378                      0.98797409                       300.81257
                 16.3797                      0.98796638                        300.5688
                 16.3814                      0.98795801                       300.32521
                 16.3831                      0.98794896                       300.08179
                 16.3848                      0.98793922                       299.83855
                 16.3865                      0.98792875                       299.59548
                 16.3882                      0.98791755                       299.35259
                 16.3899                       0.9879056                       299.10988
                 16.3916                      0.98789287                       298.86734
                 16.3933                      0.98787936                       298.62498
                  16.395                      0.98786503                        298.3828
                 16.3967                      0.98784989                        298.1408
                 16.3984                      0.98783391                       297.89898
                 16.4001                      0.98781708                       297.65734
                 16.4018                      0.98779938                       297.41588
                 16.4035                      0.98778079                        297.1746
                 16.4052                      0.98776132                       296.93351
                 16.4069                      0.98774094                        296.6926
                 16.4086                      0.98771964                       296.45188
                 16.4103                      0.98769742                       296.21135
                  16.412                      0.98767427                         295.971
                 16.4137                      0.98765018                       295.73085
                 16.4154                      0.98762514                       295.49089
                 16.4171                      0.98759915                       295.25112
                 16.4188                      0.98757221                       295.01155
                 16.4205                      0.98754432                       294.77218
                 16.4222                      0.98751548                       294.53301
                 16.4239                      0.98748569                       294.29404
                 16.4256                      0.98745495                       294.05527
                 16.4273                      0.98742328                       293.81671
                  16.429                      0.98739068                       293.57835
                 16.4307                      0.98735716                        293.3402
                 16.4324                      0.98732274                       293.10227
                 16.4341                      0.98728744                       292.86454
                 16.4358                      0.98725126                       292.62704
                 16.4375                      0.98721424                       292.38975
                 16.4392                      0.98717639                       292.15268
                 16.4409                      0.98713774                       291.91583
                 16.4426                      0.98709832                       291.67921
                 16.4443                      0.98705816                       291.44282
                  16.446                       0.9870173                       291.20665
                 16.4477                      0.98697576                       290.97071
                 16.4494                       0.9869336                         290.735
                 16.4511                      0.98689085                       290.49953
                 16.4528                      0.98684755                        290.2643
                 16.4545                      0.98680376                        290.0293
                 16.4562                      0.98675952                       289.79454
                 16.4579                      0.98671489                       289.56003
                 16.4596                      0.98666992                       289.32575
                 16.4613                      0.98662466                       289.09172
                  16.463                      0.98657919                       288.85793
                 16.4647                      0.98653356                       288.62439
                 16.4664                      0.98648783                        288.3911
                 16.4681                      0.98644207                       288.15806
                 16.4698                      0.98639635                       287.92526
                 16.4715                      0.98635074                       287.69271
                 16.4732                      0.98630531                       287.46041
                 16.4749                      0.98626013                       287.22836
                 16.4766                      0.98621528                       286.99656
                 16.4783                      0.98617082                         286.765
                   16.48                      0.98612684                        286.5337
                 16.4817                      0.98608341                       286.30264
                 16.4834                       0.9860406                       286.07182
                 16.4851                       0.9859985                       285.84125
                 16.4868                      0.98595717                       285.61092
                 16.4885                      0.98591669                       285.38084
                 16.4902                      0.98587714                       285.15099
                 16.4919                      0.98583858                       284.92138
                 16.4936                       0.9858011                         284.692
                 16.4953                      0.98576476                       284.46286
                  16.497                      0.98572962                       284.23395
                 16.4987                      0.98569577                       284.00526
                 16.5004                      0.98566325                        283.7768
                 16.5021                      0.98563214                       283.54855
                 16.5038                       0.9856025                       283.32052
                 16.5055                      0.98557437                       283.09271
                 16.5072                      0.98554783                        282.8651
                 16.5089                      0.98552291                        282.6377
                 16.5106                      0.98549967                        282.4105
                 16.5123                      0.98547815                       282.18349
                  16.514                       0.9854584                       281.95668
                 16.5157                      0.98544046                       281.73006
                 16.5174                      0.98542435                       281.50361
                 16.5191                      0.98541011                       281.27735
                 16.5208                      0.98539777                       281.05126
                 16.5225                      0.98538736                       280.82534
                 16.5242                      0.98537889                       280.59959
                 16.5259                      0.98537238                       280.37399
                 16.5276                      0.98536785                       280.14855
                 16.5293                      0.98536531                       279.92326
                  16.531                      0.98536476                       279.69811
                 16.5327                      0.98536621                       279.47311
                 16.5344                      0.98536966                       279.24824
                 16.5361                       0.9853751                        279.0235
                 16.5378                      0.98538253                       278.79889
                 16.5395                      0.98539194                       278.57441
                 16.5412                      0.98540332                       278.35004
                 16.5429                      0.98541665                       278.12578
                 16.5446                      0.98543192                       277.90164
                 16.5463                       0.9854491                        277.6776
                  16.548                      0.98546818                       277.45366
                 16.5497                      0.98548913                       277.22982
                 16.5514                      0.98551193                       277.00607
                 16.5531                      0.98553654                       276.78241
                 16.5548                      0.98556294                       276.55884
                 16.5565                      0.98559109                       276.33535
                 16.5582                      0.98562097                       276.11195
                 16.5599                      0.98565253                       275.88862
                 16.5616                      0.98568575                       275.66536
                 16.5633                      0.98572058                       275.44217
                  16.565                      0.98575699                       275.21906
                 16.5667                      0.98579494                         274.996
                 16.5684                      0.98583439                       274.77301
                 16.5701                       0.9858753                       274.55008
                 16.5718                      0.98591764                       274.32721
                 16.5735                      0.98596136                        274.1044
                 16.5752                      0.98600641                       273.88163
                 16.5769                      0.98605277                       273.65892
                 16.5786                      0.98610039                       273.43627
                 16.5803                      0.98614923                       273.21366
                  16.582                      0.98619925                       272.99109
                 16.5837                       0.9862504                       272.76857
                 16.5854                      0.98630266                        272.5461
                 16.5871                      0.98635597                       272.32367
                 16.5888                      0.98641031                       272.10128
                 16.5905                      0.98646563                       271.87893
                 16.5922                      0.98652189                       271.65662
                 16.5939                      0.98657906                       271.43435
                 16.5956                      0.98663709                       271.21212
                 16.5973                      0.98669596                       270.98993
                  16.599                      0.98675562                       270.76777
                 16.6007                      0.98681605                       270.54564
                 16.6024                       0.9868772                       270.32356
                 16.6041                      0.98693905                        270.1015
                 16.6058                      0.98700156                       269.87949
                 16.6075                      0.98706469                        269.6575
                 16.6092                      0.98712842                       269.43555
                 16.6109                      0.98719272                       269.21363
                 16.6126                      0.98725756                       268.99175
                 16.6143                       0.9873229                        268.7699
                  16.616                      0.98738872                       268.54808
                 16.6177                      0.98745499                       268.32629
                 16.6194                      0.98752169                       268.10454
                 16.6211                      0.98758878                       267.88282
                 16.6228                      0.98765625                       267.66113
                 16.6245                      0.98772407                       267.43947
                 16.6262                      0.98779221                       267.21785
                 16.6279                      0.98786065                       266.99626
                 16.6296                      0.98792938                        266.7747
                 16.6313                      0.98799836                       266.55317
                  16.633                      0.98806758                       266.33168
                 16.6347                      0.98813701                       266.11022
                 16.6364                      0.98820665                        265.8888
                 16.6381                      0.98827646                        265.6674
                 16.6398                      0.98834643                       265.44604
                 16.6415                      0.98841655                       265.22472
                 16.6432                      0.98848679                       265.00343
                 16.6449                      0.98855713                       264.78217
                 16.6466                      0.98862758                       264.56094
                 16.6483                       0.9886981                       264.33975
                   16.65                      0.98876868                        264.1186
                 16.6517                      0.98883931                       263.89748
                 16.6534                      0.98890998                        263.6764
                 16.6551                      0.98898067                       263.45535
                 16.6568                      0.98905136                       263.23433
                 16.6585                      0.98912206                       263.01336
                 16.6602                      0.98919274                       262.79242
                 16.6619                      0.98926339                       262.57151
                 16.6636                      0.98933401                       262.35064
                 16.6653                      0.98940457                       262.12981
                  16.667                      0.98947508                       261.90901
                 16.6687                      0.98954552                       261.68826
                 16.6704                      0.98961589                       261.46753
                 16.6721                      0.98968616                       261.24685
                 16.6738                      0.98975635                        261.0262
                 16.6755                      0.98982642                        260.8056
                 16.6772                      0.98989639                       260.58503
                 16.6789                      0.98996624                        260.3645
                 16.6806                      0.99003596                         260.144
                 16.6823                      0.99010554                       259.92355
                  16.684                      0.99017499                       259.70313
                 16.6857                      0.99024428                       259.48276
                 16.6874                      0.99031343                       259.26242
                 16.6891                      0.99038241                       259.04212
                 16.6908                      0.99045122                       258.82186
                 16.6925                      0.99051987                       258.60164
                 16.6942                      0.99058833                       258.38146
                 16.6959                      0.99065661                       258.16132
                 16.6976                      0.99072471                       257.94122
                 16.6993                      0.99079261                       257.72116
                  16.701                      0.99086031                       257.50114
                 16.7027                      0.99092781                       257.28116
                 16.7044                      0.99099511                       257.06123
                 16.7061                      0.99106219                       256.84133
                 16.7078                      0.99112906                       256.62147
                 16.7095                       0.9911957                       256.40165
                 16.7112                      0.99126213                       256.18188
                 16.7129                      0.99132833                       255.96214
                 16.7146                       0.9913943                       255.74245
                 16.7163                      0.99146003                        255.5228
                  16.718                      0.99152553                       255.30318
                 16.7197                      0.99159079                       255.08361
                 16.7214                       0.9916558                       254.86408
                 16.7231                      0.99172057                        254.6446
                 16.7248                      0.99178509                       254.42515
                 16.7265                      0.99184936                       254.20574
                 16.7282                      0.99191337                       253.98638
                 16.7299                      0.99197713                       253.76706
                 16.7316                      0.99204063                       253.54778
                 16.7333                      0.99210386                       253.32854
                  16.735                      0.99216683                       253.10934
                 16.7367                      0.99222954                       252.89018
                 16.7384                      0.99229197                       252.67107
                 16.7401                      0.99235414                       252.45199
                 16.7418                      0.99241603                       252.23296
                 16.7435                      0.99247764                       252.01397
                 16.7452                      0.99253898                       251.79502
                 16.7469                      0.99260004                       251.57612
                 16.7486                      0.99266082                       251.35725
                 16.7503                      0.99272131                       251.13843
                  16.752                      0.99278152                       250.91964
                 16.7537                      0.99284145                        250.7009
                 16.7554                      0.99290109                        250.4822
                 16.7571                      0.99296043                       250.26355
                 16.7588                      0.99301949                       250.04493
                 16.7605                      0.99307825                       249.82635
                 16.7622                      0.99313672                       249.60782
                 16.7639                       0.9931949                       249.38933
                 16.7656                      0.99325277                       249.17088
                 16.7673                      0.99331035                       248.95247
                  16.769                      0.99336763                        248.7341
                 16.7707                      0.99342461                       248.51577
                 16.7724                      0.99348128                       248.29748
                 16.7741                      0.99353765                       248.07924
                 16.7758                      0.99359372                       247.86103
                 16.7775                      0.99364948                       247.64287
                 16.7792                      0.99370493                       247.42474
                 16.7809                      0.99376007                       247.20666
                 16.7826                       0.9938149                       246.98862
                 16.7843                      0.99386942                       246.77062
                  16.786                      0.99392363                       246.55266
                 16.7877                      0.99397753                       246.33474
                 16.7894                      0.99403111                       246.11686
                 16.7911                      0.99408438                       245.89902
                 16.7928                      0.99413733                       245.68123
                 16.7945                      0.99418996                       245.46347
                 16.7962                      0.99424227                       245.24575
                 16.7979                      0.99429427                       245.02807
                 16.7996                      0.99434594                       244.81044
                 16.8013                      0.99439729                       244.59284
                  16.803                      0.99444832                       244.37528
                 16.8047                      0.99449903                       244.15777
                 16.8064                      0.99454941                       243.94029
                 16.8081                      0.99459947                       243.72285
                 16.8098                       0.9946492                       243.50545
                 16.8115                       0.9946986                       243.28809
                 16.8132                      0.99474768                       243.07077
                 16.8149                      0.99479642                       242.85349
                 16.8166                      0.99484484                       242.63625
                 16.8183                      0.99489292                       242.41905
                   16.82                      0.99494068                       242.20189
                 16.8217                       0.9949881                       241.98476
                 16.8234                      0.99503519                       241.76768
                 16.8251                      0.99508195                       241.55063
                 16.8268                      0.99512837                       241.33363
                 16.8285                      0.99517445                       241.11666
                 16.8302                       0.9952202                       240.89973
                 16.8319                      0.99526561                       240.68283
                 16.8336                      0.99531069                       240.46598
                 16.8353                      0.99535542                       240.24917
                  16.837                      0.99539982                       240.03239
                 16.8387                      0.99544387                       239.81565
                 16.8404                      0.99548759                       239.59895
                 16.8421                      0.99553096                       239.38229
                 16.8438                      0.99557399                       239.16566
                 16.8455                      0.99561668                       238.94907
                 16.8472                      0.99565903                       238.73252
                 16.8489                      0.99570103                       238.51601
                 16.8506                      0.99574268                       238.29954
                 16.8523                      0.99578399                        238.0831
                  16.854                      0.99582496                        237.8667
                 16.8557                      0.99586557                       237.65033
                 16.8574                      0.99590584                       237.43401
                 16.8591                      0.99594576                       237.21772
                 16.8608                      0.99598533                       237.00146
                 16.8625                      0.99602456                       236.78525
                 16.8642                      0.99606343                       236.56907
                 16.8659                      0.99610195                       236.35292
                 16.8676                      0.99614012                       236.13682
                 16.8693                      0.99617793                       235.92075
                  16.871                       0.9962154                       235.70471
                 16.8727                      0.99625251                       235.48871
                 16.8744                      0.99628927                       235.27275
                 16.8761                      0.99632567                       235.05682
                 16.8778                      0.99636172                       234.84093
                 16.8795                      0.99639741                       234.62508
                 16.8812                      0.99643275                       234.40926
                 16.8829                      0.99646772                       234.19347
                 16.8846                      0.99650235                       233.97772
                 16.8863                      0.99653661                       233.76201
                  16.888                      0.99657051                       233.54633
                 16.8897                      0.99660406                       233.33069
                 16.8914                      0.99663725                       233.11508
                 16.8931                      0.99667007                        232.8995
                 16.8948                      0.99670254                       232.68396
                 16.8965                      0.99673465                       232.46846
                 16.8982                      0.99676639                       232.25299
                 16.8999                      0.99679777                       232.03755
                 16.9016                      0.99682879                       231.82215
                 16.9033                      0.99685945                       231.60678
                  16.905                      0.99688974                       231.39145
                 16.9067                      0.99691967                       231.17615
                 16.9084                      0.99694923                       230.96088
                 16.9101                      0.99697843                       230.74565
                 16.9118                      0.99700726                       230.53045
                 16.9135                      0.99703573                       230.31528
                 16.9152                      0.99706383                       230.10015
                 16.9169                      0.99709157                       229.88505
                 16.9186                      0.99711894                       229.66998
                 16.9203                      0.99714594                       229.45495
                  16.922                      0.99717257                       229.23995
                 16.9237                      0.99719883                       229.02498
                 16.9254                      0.99722472                       228.81005
                 16.9271                      0.99725025                       228.59514
                 16.9288                       0.9972754                       228.38027
                 16.9305                      0.99730019                       228.16543
                 16.9322                       0.9973246                       227.95063
                 16.9339                      0.99734865                       227.73585
                 16.9356                      0.99737232                       227.52111
                 16.9373                      0.99739562                        227.3064
                  16.939                      0.99741854                       227.09172
                 16.9407                       0.9974411                       226.87708
                 16.9424                      0.99746328                       226.66246
                 16.9441                      0.99748509                       226.44788
                 16.9458                      0.99750652                       226.23332
                 16.9475                      0.99752758                        226.0188
                 16.9492                      0.99754827                       225.80431
                 16.9509                      0.99756858                       225.58985
                 16.9526                      0.99758852                       225.37542
                 16.9543                      0.99760808                       225.16102
                  16.956                      0.99762726                       224.94665
                 16.9577                      0.99764607                       224.73231
                 16.9594                       0.9976645                         224.518
                 16.9611                      0.99768255                       224.30372
                 16.9628                      0.99770023                       224.08947
                 16.9645                      0.99771753                       223.87525
                 16.9662                      0.99773445                       223.66106
                 16.9679                      0.99775099                        223.4469
                 16.9696                      0.99776715                       223.23277
                 16.9713                      0.99778294                       223.01867
                  16.973                      0.99779834                        222.8046
                 16.9747                      0.99781337                       222.59056
                 16.9764                      0.99782801                       222.37654
                 16.9781                      0.99784227                       222.16255
                 16.9798                      0.99785615                        221.9486
                 16.9815                      0.99786966                       221.73467
                 16.9832                      0.99788277                       221.52077
                 16.9849                      0.99789551                       221.30689
                 16.9866                      0.99790787                       221.09305
                 16.9883                      0.99791984                       220.87923
                   16.99                      0.99793143                       220.66544
                 16.9917                      0.99794263                       220.45168
                 16.9934                      0.99795345                       220.23794
                 16.9951                      0.99796389                       220.02423
                 16.9968                      0.99797394                       219.81055
                 16.9985                      0.99798361                        219.5969
                 17.0002                      0.99799289                       219.38327
                 17.0019                      0.99800179                       219.16967
                 17.0036                       0.9980103                        218.9561
                 17.0053                      0.99801842                       218.74255
                  17.007                      0.99802616                       218.52903
                 17.0087                      0.99803351                       218.31553
                 17.0104                      0.99804047                       218.10206
                 17.0121                      0.99804704                       217.88861
                 17.0138                      0.99805322                       217.67519
                 17.0155                      0.99805902                        217.4618
                 17.0172                      0.99806442                       217.24843
                 17.0189                      0.99806944                       217.03509
                 17.0206                      0.99807407                       216.82177
                 17.0223                       0.9980783                       216.60847
                  17.024                      0.99808214                        216.3952
                 17.0257                       0.9980856                       216.18195
                 17.0274                      0.99808866                       215.96873
                 17.0291                      0.99809132                       215.75553
                 17.0308                       0.9980936                       215.54236
                 17.0325                      0.99809548                       215.32921
                 17.0342                      0.99809696                       215.11608
                 17.0359                      0.99809805                       214.90297
                 17.0376                      0.99809875                       214.68989
                 17.0393                      0.99809905                       214.47683
                  17.041                      0.99809895                       214.26379
                 17.0427                      0.99809846                       214.05078
                 17.0444                      0.99809757                       213.83779
                 17.0461                      0.99809628                       213.62482
                 17.0478                      0.99809459                       213.41187
                 17.0495                      0.99809251                       213.19894
                 17.0512                      0.99809002                       212.98603
                 17.0529                      0.99808713                       212.77315
                 17.0546                      0.99808384                       212.56028
                 17.0563                      0.99808015                       212.34744
                  17.058                      0.99807606                       212.13462
                 17.0597                      0.99807156                       211.92182
                 17.0614                      0.99806666                       211.70903
                 17.0631                      0.99806135                       211.49627
                 17.0648                      0.99805564                       211.28353
                 17.0665                      0.99804952                        211.0708
                 17.0682                        0.998043                        210.8581
                 17.0699                      0.99803607                       210.64541
                 17.0716                      0.99802872                       210.43275
                 17.0733                      0.99802097                        210.2201
                  17.075                      0.99801281                       210.00747
                 17.0767                      0.99800423                       209.79486
                 17.0784                      0.99799525                       209.58226
                 17.0801                      0.99798585                       209.36969
                 17.0818                      0.99797603                       209.15713
                 17.0835                       0.9979658                       208.94459
                 17.0852                      0.99795516                       208.73206
                 17.0869                       0.9979441                       208.51955
                 17.0886                      0.99793261                       208.30706
                 17.0903                      0.99792071                       208.09459
                  17.092                      0.99790839                       207.88213
                 17.0937                      0.99789565                       207.66968
                 17.0954                      0.99788248                       207.45725
                 17.0971                      0.99786889                       207.24484
                 17.0988                      0.99785488                       207.03244
                 17.1005                      0.99784044                       206.82005
                 17.1022                      0.99782557                       206.60768
                 17.1039                      0.99781027                       206.39533
                 17.1056                      0.99779454                       206.18298
                 17.1073                      0.99777838                       205.97065
                  17.109                      0.99776178                       205.75834
                 17.1107                      0.99774476                       205.54603
                 17.1124                      0.99772729                       205.33374
                 17.1141                      0.99770939                       205.12147
                 17.1158                      0.99769105                        204.9092
                 17.1175                      0.99767227                       204.69694
                 17.1192                      0.99765305                        204.4847
                 17.1209                      0.99763338                       204.27247
                 17.1226                      0.99761327                       204.06025
                 17.1243                      0.99759271                       203.84804
                  17.126                       0.9975717                       203.63584
                 17.1277                      0.99755025                       203.42365
                 17.1294                      0.99752834                       203.21147
                 17.1311                      0.99750597                       202.99929
                 17.1328                      0.99748315                       202.78713
                 17.1345                      0.99745988                       202.57498
                 17.1362                      0.99743614                       202.36283
                 17.1379                      0.99741194                        202.1507
                 17.1396                      0.99738728                       201.93857
                 17.1413                      0.99736216                       201.72644
                  17.143                      0.99733656                       201.51433
                 17.1447                       0.9973105                       201.30222
                 17.1464                      0.99728396                       201.09012
                 17.1481                      0.99725695                       200.87802
                 17.1498                      0.99722947                       200.66593
                 17.1515                       0.9972015                       200.45385
                 17.1532                      0.99717306                       200.24176
                 17.1549                      0.99714413                       200.02969
                 17.1566                      0.99711472                       199.81762
                 17.1583                      0.99708481                       199.60555
                   17.16                      0.99705442                       199.39349
                 17.1617                      0.99702354                       199.18143
                 17.1634                      0.99699215                       198.96937
                 17.1651                      0.99696027                       198.75731
                 17.1668                      0.99692789                       198.54526
                 17.1685                      0.99689501                       198.33321
                 17.1702                      0.99686162                       198.12116
                 17.1719                      0.99682772                       197.90911
                 17.1736                      0.99679331                       197.69706
                 17.1753                      0.99675838                       197.48501
                  17.177                      0.99672294                       197.27296
                 17.1787                      0.99668698                       197.06091
                 17.1804                      0.99665049                       196.84886
                 17.1821                      0.99661347                       196.63681
                 17.1838                      0.99657593                       196.42475
                 17.1855                      0.99653785                        196.2127
                 17.1872                      0.99649924                       196.00064
                 17.1889                      0.99646009                       195.78857
                 17.1906                      0.99642039                       195.57651
                 17.1923                      0.99638015                       195.36444
                  17.194                      0.99633936                       195.15237
                 17.1957                      0.99629801                       194.94029
                 17.1974                      0.99625611                        194.7282
                 17.1991                      0.99621365                       194.51611
                 17.2008                      0.99617063                       194.30402
                 17.2025                      0.99612704                       194.09191
                 17.2042                      0.99608288                        193.8798
                 17.2059                      0.99603814                       193.66769
                 17.2076                      0.99599283                       193.45556
                 17.2093                      0.99594694                       193.24343
                  17.211                      0.99590046                       193.03128
                 17.2127                      0.99585339                       192.81913
                 17.2144                      0.99580572                       192.60697
                 17.2161                      0.99575746                        192.3948
                 17.2178                       0.9957086                       192.18262
                 17.2195                      0.99565913                       191.97042
                 17.2212                      0.99560906                       191.75822
                 17.2229                      0.99555837                         191.546
                 17.2246                      0.99550706                       191.33377
                 17.2263                      0.99545513                       191.12152
                  17.228                      0.99540258                       190.90927
                 17.2297                       0.9953494                       190.69699
                 17.2314                      0.99529558                       190.48471
                 17.2331                      0.99524112                       190.27241
                 17.2348                      0.99518602                       190.06009
                 17.2365                      0.99513028                       189.84775
                 17.2382                      0.99507388                        189.6354
                 17.2399                      0.99501682                       189.42303
                 17.2416                      0.99495911                       189.21065
                 17.2433                      0.99490073                       188.99824
                  17.245                      0.99484168                       188.78582
                 17.2467                      0.99478196                       188.57337
                 17.2484                      0.99472156                       188.36091
                 17.2501                      0.99466048                       188.14842
                 17.2518                      0.99459871                       187.93592
                 17.2535                      0.99453625                       187.72339
                 17.2552                       0.9944731                       187.51084
                 17.2569                      0.99440924                       187.29826
                 17.2586                      0.99434468                       187.08567
                 17.2603                      0.99427941                       186.87304
                  17.262                      0.99421342                        186.6604
                 17.2637                      0.99414672                       186.44773
                 17.2654                      0.99407929                       186.23503
                 17.2671                      0.99401114                        186.0223
                 17.2688                      0.99394225                       185.80955
                 17.2705                      0.99387263                       185.59677
                 17.2722                      0.99380227                       185.38396
                 17.2739                      0.99373116                       185.17112
                 17.2756                      0.99365931                       184.95825
                 17.2773                       0.9935867                       184.74534
                  17.279                      0.99351334                       184.53241
                 17.2807                      0.99343921                       184.31945
                 17.2824                      0.99336432                       184.10645
                 17.2841                      0.99328866                       183.89342
                 17.2858                      0.99321223                       183.68035
                 17.2875                      0.99313502                       183.46725
                 17.2892                      0.99305703                       183.25411
                 17.2909                      0.99297825                       183.04094
                 17.2926                      0.99289869                       182.82773
                 17.2943                      0.99281834                       182.61448
                  17.296                      0.99273719                       182.40119
                 17.2977                      0.99265525                       182.18786
                 17.2994                       0.9925725                       181.97449
                 17.3011                      0.99248896                       181.76108
                 17.3028                       0.9924046                       181.54763
                 17.3045                      0.99231944                       181.33413
                 17.3062                      0.99223347                       181.12059
                 17.3079                      0.99214669                         180.907
                 17.3096                      0.99205909                       180.69337
                 17.3113                      0.99197067                       180.47969
                  17.313                      0.99188144                       180.26596
                 17.3147                      0.99179139                       180.05219
                 17.3164                      0.99170052                       179.83836
                 17.3181                      0.99160882                       179.62448
                 17.3198                      0.99151631                       179.41055
                 17.3215                      0.99142298                       179.19656
                 17.3232                      0.99132882                       178.98252
                 17.3249                      0.99123385                       178.76843
                 17.3266                      0.99113805                       178.55428
                 17.3283                      0.99104144                       178.34007
                   17.33                      0.99094401                        178.1258
                 17.3317                      0.99084577                       177.91147
                 17.3334                      0.99074671                       177.69708
                 17.3351                      0.99064685                       177.48262
                 17.3368                      0.99054618                        177.2681
                 17.3385                      0.99044471                       177.05352
                 17.3402                      0.99034244                       176.83886
                 17.3419                      0.99023938                       176.62414
                 17.3436                      0.99013553                       176.40934
                 17.3453                      0.99003091                       176.19448
                  17.347                      0.98992551                       175.97954
                 17.3487                      0.98981934                       175.76452
                 17.3504                      0.98971242                       175.54942
                 17.3521                      0.98960475                       175.33425
                 17.3538                      0.98949634                       175.11899
                 17.3555                       0.9893872                       174.90365
                 17.3572                      0.98927734                       174.68822
                 17.3589                      0.98916678                       174.47271
                 17.3606                      0.98905553                        174.2571
                 17.3623                       0.9889436                        174.0414
                  17.364                      0.98883101                       173.82561
                 17.3657                      0.98871777                       173.60971
                 17.3674                      0.98860391                       173.39372
                 17.3691                      0.98848944                       173.17762
                 17.3708                      0.98837437                       172.96142
                 17.3725                      0.98825873                        172.7451
                 17.3742                      0.98814255                       172.52868
                 17.3759                      0.98802585                       172.31213
                 17.3776                      0.98790864                       172.09547
                 17.3793                      0.98779097                       171.87868
                  17.381                      0.98767285                       171.66176
                 17.3827                      0.98755431                       171.44472
                 17.3844                       0.9874354                       171.22753
                 17.3861                      0.98731613                       171.01021
                 17.3878                      0.98719655                       170.79274
                 17.3895                      0.98707669                       170.57511
                 17.3912                      0.98695659                       170.35733
                 17.3929                       0.9868363                       170.13939
                 17.3946                      0.98671585                       169.92128
                 17.3963                      0.98659528                         169.703
                  17.398                      0.98647466                       169.48454
                 17.3997                      0.98635402                       169.26588
                 17.4014                      0.98623342                       169.04704
                 17.4031                      0.98611291                       168.82798
                 17.4048                      0.98599255                       168.60872
                 17.4065                      0.98587241                       168.38923
                 17.4082                      0.98575253                       168.16952
                 17.4099                      0.98563299                       167.94956
                 17.4116                      0.98551385                       167.72935
                 17.4133                      0.98539518                       167.50888
                  17.415                      0.98527706                       167.28813
                 17.4167                      0.98515956                        167.0671
                 17.4184                      0.98504276                       166.84576
                 17.4201                      0.98492674                       166.62411
                 17.4218                      0.98481158                       166.40212
                 17.4235                      0.98469737                       166.17978
                 17.4252                      0.98458419                       165.95707
                 17.4269                      0.98447213                       165.73398
                 17.4286                      0.98436128                       165.51048
                 17.4303                      0.98425174                       165.28654
                  17.432                      0.98414359                       165.06215
                 17.4337                      0.98403692                       164.83728
                 17.4354                      0.98393183                        164.6119
                 17.4371                       0.9838284                       164.38598
                 17.4388                      0.98372672                       164.15948
                 17.4405                      0.98362686                       163.93238
                 17.4422                      0.98352891                       163.70464
                 17.4439                      0.98343291                       163.47621
                 17.4456                      0.98333894                       163.24705
                 17.4473                      0.98324702                       163.01711
                  17.449                      0.98315719                       162.78634
                 17.4507                      0.98306943                       162.55469
                 17.4524                      0.98298373                       162.32209
                 17.4541                      0.98290002                       162.08848
                 17.4558                      0.98281822                       161.85378
                 17.4575                      0.98273816                       161.61793
                 17.4592                      0.98265965                       161.38083
                 17.4609                      0.98258241                       161.14239
                 17.4626                      0.98250609                       160.90251
                 17.4643                      0.98243022                       160.66109
                  17.466                      0.98235422                         160.418
                 17.4677                      0.98227737                       160.17313
                 17.4694                      0.98219877                       159.92632
                 17.4711                      0.98211731                       159.67743
                 17.4728                      0.98203165                        159.4263
                 17.4745                      0.98194015                       159.17276
                 17.4762                       0.9818408                        158.9166
                 17.4779                      0.98173121                       158.65763
                 17.4796                      0.98160849                       158.39563
                 17.4813                      0.98146915                       158.13038
                  17.483                      0.98130905                       157.86162
                 17.4847                      0.98112323                       157.58911
                 17.4864                      0.98090579                       157.31259
                 17.4881                      0.98064975                       157.03178
                 17.4898                      0.98034685                       156.74645
                 17.4915                       0.9799874                       156.45635
                 17.4932                      0.97956007                       156.16125
                 17.4949                      0.97905172                         155.861
                 17.4966                       0.9784472                       155.55551
                 17.4983                      0.97772928                       155.24476
                    17.5                      0.97687856                        154.9289

